seed,family,structure,optimizer,rate,rule,step,test_nmse,population_nmse,variance,gradient_cosine,field_relative_squared_error,gradient_clipped_steps,parameter_projected_steps,parameter_norm,max_abs_parameter,centered_cut_bound,parameters,edges,depth,elapsed_seconds
127216,matching,compatible,sgd,0.003,exact,0,2.67900447840612,2.639974585228132,1.0,0.9999999999999998,0.0,0,0,2.2652013560408713,0.9950787759572617,0.0,28,14,3,0.04198110301513225
127216,matching,compatible,sgd,0.003,broadcast,0,2.67900447840612,2.639974585228132,1.0,0.3547002168418935,2.4445938843911734,0,0,2.2652013560408713,0.9950787759572617,0.0,28,14,3,0.042000874993391335
127216,matching,compatible,sgd,0.003,global_projection,0,2.67900447840612,2.639974585228132,1.0,0.5607406372742447,0.6998150539809459,0,0,2.2652013560408713,0.9950787759572617,0.0,28,14,3,0.04201302397996187
127216,matching,compatible,sgd,0.003,subtree_projection,0,2.67900447840612,2.639974585228132,1.0,0.5689157127580851,0.6693131257685935,0,0,2.2652013560408713,0.9950787759572617,0.0,28,14,3,0.04202483000699431
127216,matching,compatible,sgd,0.003,shuffled_projection,0,2.67900447840612,2.639974585228132,1.0,0.5650766079876723,0.6868070724925022,0,0,2.2652013560408713,0.9950787759572617,0.0,28,14,3,0.04203565593343228
127216,matching,compatible,sgd,0.01,exact,0,2.67900447840612,2.639974585228132,1.0,0.9999999999999998,0.0,0,0,2.2652013560408713,0.9950787759572617,0.0,28,14,3,0.04204613598994911
127216,matching,compatible,sgd,0.01,broadcast,0,2.67900447840612,2.639974585228132,1.0,0.3547002168418935,2.4445938843911734,0,0,2.2652013560408713,0.9950787759572617,0.0,28,14,3,0.042055413010530174
127216,matching,compatible,sgd,0.01,global_projection,0,2.67900447840612,2.639974585228132,1.0,0.5607406372742447,0.6998150539809459,0,0,2.2652013560408713,0.9950787759572617,0.0,28,14,3,0.04206458094995469
127216,matching,compatible,sgd,0.01,subtree_projection,0,2.67900447840612,2.639974585228132,1.0,0.5689157127580851,0.6693131257685935,0,0,2.2652013560408713,0.9950787759572617,0.0,28,14,3,0.04207320301793516
127216,matching,compatible,sgd,0.01,shuffled_projection,0,2.67900447840612,2.639974585228132,1.0,0.5650766079876723,0.6868070724925022,0,0,2.2652013560408713,0.9950787759572617,0.0,28,14,3,0.04208226501941681
127216,matching,compatible,sgd,0.03,exact,0,2.67900447840612,2.639974585228132,1.0,0.9999999999999998,0.0,0,0,2.2652013560408713,0.9950787759572617,0.0,28,14,3,0.04209150897804648
127216,matching,compatible,sgd,0.03,broadcast,0,2.67900447840612,2.639974585228132,1.0,0.3547002168418935,2.4445938843911734,0,0,2.2652013560408713,0.9950787759572617,0.0,28,14,3,0.04210028797388077
127216,matching,compatible,sgd,0.03,global_projection,0,2.67900447840612,2.639974585228132,1.0,0.5607406372742447,0.6998150539809459,0,0,2.2652013560408713,0.9950787759572617,0.0,28,14,3,0.04211162298452109
127216,matching,compatible,sgd,0.03,subtree_projection,0,2.67900447840612,2.639974585228132,1.0,0.5689157127580851,0.6693131257685935,0,0,2.2652013560408713,0.9950787759572617,0.0,28,14,3,0.04212036798708141
127216,matching,compatible,sgd,0.03,shuffled_projection,0,2.67900447840612,2.639974585228132,1.0,0.5650766079876723,0.6868070724925022,0,0,2.2652013560408713,0.9950787759572617,0.0,28,14,3,0.04212915094103664
127216,matching,compatible,adam,0.003,exact,0,2.67900447840612,2.639974585228132,1.0,0.9999999999999998,0.0,0,0,2.2652013560408713,0.9950787759572617,0.0,28,14,3,0.04213811701629311
127216,matching,compatible,adam,0.003,broadcast,0,2.67900447840612,2.639974585228132,1.0,0.3547002168418935,2.4445938843911734,0,0,2.2652013560408713,0.9950787759572617,0.0,28,14,3,0.04214678192511201
127216,matching,compatible,adam,0.003,global_projection,0,2.67900447840612,2.639974585228132,1.0,0.5607406372742447,0.6998150539809459,0,0,2.2652013560408713,0.9950787759572617,0.0,28,14,3,0.04215551901143044
127216,matching,compatible,adam,0.003,subtree_projection,0,2.67900447840612,2.639974585228132,1.0,0.5689157127580851,0.6693131257685935,0,0,2.2652013560408713,0.9950787759572617,0.0,28,14,3,0.04216422396712005
127216,matching,compatible,adam,0.003,shuffled_projection,0,2.67900447840612,2.639974585228132,1.0,0.5650766079876723,0.6868070724925022,0,0,2.2652013560408713,0.9950787759572617,0.0,28,14,3,0.042173070018179715
127216,matching,compatible,adam,0.01,exact,0,2.67900447840612,2.639974585228132,1.0,0.9999999999999998,0.0,0,0,2.2652013560408713,0.9950787759572617,0.0,28,14,3,0.04218161595053971
127216,matching,compatible,adam,0.01,broadcast,0,2.67900447840612,2.639974585228132,1.0,0.3547002168418935,2.4445938843911734,0,0,2.2652013560408713,0.9950787759572617,0.0,28,14,3,0.04219007201027125
127216,matching,compatible,adam,0.01,global_projection,0,2.67900447840612,2.639974585228132,1.0,0.5607406372742447,0.6998150539809459,0,0,2.2652013560408713,0.9950787759572617,0.0,28,14,3,0.042198832030408084
127216,matching,compatible,adam,0.01,subtree_projection,0,2.67900447840612,2.639974585228132,1.0,0.5689157127580851,0.6693131257685935,0,0,2.2652013560408713,0.9950787759572617,0.0,28,14,3,0.04220728203654289
127216,matching,compatible,adam,0.01,shuffled_projection,0,2.67900447840612,2.639974585228132,1.0,0.5650766079876723,0.6868070724925022,0,0,2.2652013560408713,0.9950787759572617,0.0,28,14,3,0.042215753928758204
127216,matching,compatible,adam,0.03,exact,0,2.67900447840612,2.639974585228132,1.0,0.9999999999999998,0.0,0,0,2.2652013560408713,0.9950787759572617,0.0,28,14,3,0.042224352015182376
127216,matching,compatible,adam,0.03,broadcast,0,2.67900447840612,2.639974585228132,1.0,0.3547002168418935,2.4445938843911734,0,0,2.2652013560408713,0.9950787759572617,0.0,28,14,3,0.0422330389264971
127216,matching,compatible,adam,0.03,global_projection,0,2.67900447840612,2.639974585228132,1.0,0.5607406372742447,0.6998150539809459,0,0,2.2652013560408713,0.9950787759572617,0.0,28,14,3,0.04224171594250947
127216,matching,compatible,adam,0.03,subtree_projection,0,2.67900447840612,2.639974585228132,1.0,0.5689157127580851,0.6693131257685935,0,0,2.2652013560408713,0.9950787759572617,0.0,28,14,3,0.042250272003002465
127216,matching,compatible,adam,0.03,shuffled_projection,0,2.67900447840612,2.639974585228132,1.0,0.5650766079876723,0.6868070724925022,0,0,2.2652013560408713,0.9950787759572617,0.0,28,14,3,0.04225914995186031
127216,matching,assignment_shuffled,sgd,0.003,exact,0,1.8955441839222091,1.8984178914684835,1.0,1.0000000000000002,0.0,0,0,2.2652013560408713,0.9950787759572617,0.5,28,14,3,0.04227003897540271
127216,matching,assignment_shuffled,sgd,0.003,broadcast,0,1.8955441839222091,1.8984178914684835,1.0,0.3617981205780753,2.4445938843911734,0,0,2.2652013560408713,0.9950787759572617,0.5,28,14,3,0.042278826935216784
127216,matching,assignment_shuffled,sgd,0.003,global_projection,0,1.8955441839222091,1.8984178914684835,1.0,0.5611960440700682,0.6998150539809459,0,0,2.2652013560408713,0.9950787759572617,0.5,28,14,3,0.042287496966309845
127216,matching,assignment_shuffled,sgd,0.003,subtree_projection,0,1.8955441839222091,1.8984178914684835,1.0,0.5688538345441058,0.6693131257685935,0,0,2.2652013560408713,0.9950787759572617,0.5,28,14,3,0.0422964789904654
127216,matching,assignment_shuffled,sgd,0.003,shuffled_projection,0,1.8955441839222091,1.8984178914684835,1.0,0.5667780575471062,0.6868070724925022,0,0,2.2652013560408713,0.9950787759572617,0.5,28,14,3,0.04230547999031842
127216,matching,assignment_shuffled,sgd,0.01,exact,0,1.8955441839222091,1.8984178914684835,1.0,1.0000000000000002,0.0,0,0,2.2652013560408713,0.9950787759572617,0.5,28,14,3,0.04231552197597921
127216,matching,assignment_shuffled,sgd,0.01,broadcast,0,1.8955441839222091,1.8984178914684835,1.0,0.3617981205780753,2.4445938843911734,0,0,2.2652013560408713,0.9950787759572617,0.5,28,14,3,0.042324307025410235
127216,matching,assignment_shuffled,sgd,0.01,global_projection,0,1.8955441839222091,1.8984178914684835,1.0,0.5611960440700682,0.6998150539809459,0,0,2.2652013560408713,0.9950787759572617,0.5,28,14,3,0.042332991026341915
127216,matching,assignment_shuffled,sgd,0.01,subtree_projection,0,1.8955441839222091,1.8984178914684835,1.0,0.5688538345441058,0.6693131257685935,0,0,2.2652013560408713,0.9950787759572617,0.5,28,14,3,0.04234290192835033
127216,matching,assignment_shuffled,sgd,0.01,shuffled_projection,0,1.8955441839222091,1.8984178914684835,1.0,0.5667780575471062,0.6868070724925022,0,0,2.2652013560408713,0.9950787759572617,0.5,28,14,3,0.04235161293763667
127216,matching,assignment_shuffled,sgd,0.03,exact,0,1.8955441839222091,1.8984178914684835,1.0,1.0000000000000002,0.0,0,0,2.2652013560408713,0.9950787759572617,0.5,28,14,3,0.042360089952126145
127216,matching,assignment_shuffled,sgd,0.03,broadcast,0,1.8955441839222091,1.8984178914684835,1.0,0.3617981205780753,2.4445938843911734,0,0,2.2652013560408713,0.9950787759572617,0.5,28,14,3,0.042368908994831145
127216,matching,assignment_shuffled,sgd,0.03,global_projection,0,1.8955441839222091,1.8984178914684835,1.0,0.5611960440700682,0.6998150539809459,0,0,2.2652013560408713,0.9950787759572617,0.5,28,14,3,0.042377501958981156
127216,matching,assignment_shuffled,sgd,0.03,subtree_projection,0,1.8955441839222091,1.8984178914684835,1.0,0.5688538345441058,0.6693131257685935,0,0,2.2652013560408713,0.9950787759572617,0.5,28,14,3,0.042385988985188305
127216,matching,assignment_shuffled,sgd,0.03,shuffled_projection,0,1.8955441839222091,1.8984178914684835,1.0,0.5667780575471062,0.6868070724925022,0,0,2.2652013560408713,0.9950787759572617,0.5,28,14,3,0.04239454003982246
127216,matching,assignment_shuffled,adam,0.003,exact,0,1.8955441839222091,1.8984178914684835,1.0,1.0000000000000002,0.0,0,0,2.2652013560408713,0.9950787759572617,0.5,28,14,3,0.042404216947034
127216,matching,assignment_shuffled,adam,0.003,broadcast,0,1.8955441839222091,1.8984178914684835,1.0,0.3617981205780753,2.4445938843911734,0,0,2.2652013560408713,0.9950787759572617,0.5,28,14,3,0.042412769980728626
127216,matching,assignment_shuffled,adam,0.003,global_projection,0,1.8955441839222091,1.8984178914684835,1.0,0.5611960440700682,0.6998150539809459,0,0,2.2652013560408713,0.9950787759572617,0.5,28,14,3,0.04242130403872579
127216,matching,assignment_shuffled,adam,0.003,subtree_projection,0,1.8955441839222091,1.8984178914684835,1.0,0.5688538345441058,0.6693131257685935,0,0,2.2652013560408713,0.9950787759572617,0.5,28,14,3,0.04243000200949609
127216,matching,assignment_shuffled,adam,0.003,shuffled_projection,0,1.8955441839222091,1.8984178914684835,1.0,0.5667780575471062,0.6868070724925022,0,0,2.2652013560408713,0.9950787759572617,0.5,28,14,3,0.042442144942469895
127216,matching,assignment_shuffled,adam,0.01,exact,0,1.8955441839222091,1.8984178914684835,1.0,1.0000000000000002,0.0,0,0,2.2652013560408713,0.9950787759572617,0.5,28,14,3,0.042450977955013514
127216,matching,assignment_shuffled,adam,0.01,broadcast,0,1.8955441839222091,1.8984178914684835,1.0,0.3617981205780753,2.4445938843911734,0,0,2.2652013560408713,0.9950787759572617,0.5,28,14,3,0.04245967394672334
127216,matching,assignment_shuffled,adam,0.01,global_projection,0,1.8955441839222091,1.8984178914684835,1.0,0.5611960440700682,0.6998150539809459,0,0,2.2652013560408713,0.9950787759572617,0.5,28,14,3,0.04246840300038457
127216,matching,assignment_shuffled,adam,0.01,subtree_projection,0,1.8955441839222091,1.8984178914684835,1.0,0.5688538345441058,0.6693131257685935,0,0,2.2652013560408713,0.9950787759572617,0.5,28,14,3,0.04247733892407268
127216,matching,assignment_shuffled,adam,0.01,shuffled_projection,0,1.8955441839222091,1.8984178914684835,1.0,0.5667780575471062,0.6868070724925022,0,0,2.2652013560408713,0.9950787759572617,0.5,28,14,3,0.04248612094670534
127216,matching,assignment_shuffled,adam,0.03,exact,0,1.8955441839222091,1.8984178914684835,1.0,1.0000000000000002,0.0,0,0,2.2652013560408713,0.9950787759572617,0.5,28,14,3,0.04249467293266207
127216,matching,assignment_shuffled,adam,0.03,broadcast,0,1.8955441839222091,1.8984178914684835,1.0,0.3617981205780753,2.4445938843911734,0,0,2.2652013560408713,0.9950787759572617,0.5,28,14,3,0.04250331502407789
127216,matching,assignment_shuffled,adam,0.03,global_projection,0,1.8955441839222091,1.8984178914684835,1.0,0.5611960440700682,0.6998150539809459,0,0,2.2652013560408713,0.9950787759572617,0.5,28,14,3,0.04251215001568198
127216,matching,assignment_shuffled,adam,0.03,subtree_projection,0,1.8955441839222091,1.8984178914684835,1.0,0.5688538345441058,0.6693131257685935,0,0,2.2652013560408713,0.9950787759572617,0.5,28,14,3,0.0425208859378472
127216,matching,assignment_shuffled,adam,0.03,shuffled_projection,0,1.8955441839222091,1.8984178914684835,1.0,0.5667780575471062,0.6868070724925022,0,0,2.2652013560408713,0.9950787759572617,0.5,28,14,3,0.04253076494205743
127216,matching,compatible,sgd,0.003,exact,1,2.64806500630194,2.609207340987452,1.0,1.0,0.0,0,0,2.259936453768204,0.9911243977535814,0.0,28,14,3,0.08533348294440657
127216,matching,compatible,sgd,0.003,broadcast,1,2.668115265250583,2.629045161497937,1.0,0.3585028325415179,2.446165353026916,0,0,2.261534687309617,0.9911243977535814,0.0,28,14,3,0.08535128401126713
127216,matching,compatible,sgd,0.003,global_projection,1,2.6688982706814683,2.6299398316297573,1.0,0.562038705453101,0.6983247144915838,0,0,2.263533983166506,0.9911243977535814,0.0,28,14,3,0.08536259003449231
127216,matching,compatible,sgd,0.003,subtree_projection,1,2.668190651971495,2.629239911535149,1.0,0.5704411160657326,0.6678180206460459,0,0,2.263586362595607,0.9911243977535814,0.0,28,14,3,0.08537261094897985
127216,matching,compatible,sgd,0.003,shuffled_projection,1,2.668640362683095,2.6296777269996294,1.0,0.5662985024442452,0.685320163771455,0,0,2.263451261918169,0.9911243977535814,0.0,28,14,3,0.08538188796956092
127216,matching,compatible,sgd,0.01,exact,1,2.5778576911268147,2.5393930980598505,1.0,0.9999999999999998,0.0,0,0,2.2476944238751866,0.9818975152783272,0.0,28,14,3,0.08539136499166489
127216,matching,compatible,sgd,0.01,broadcast,1,2.642640547365145,2.603479379943381,1.0,0.36727797231687775,2.449981163928876,0,0,2.2530866540637584,0.9827938692625932,0.0,28,14,3,0.0854003980057314
127216,matching,compatible,sgd,0.01,global_projection,1,2.6454403622282214,2.6066480761490354,1.0,0.5650838319139138,0.6948097399127492,0,0,2.259667915120962,0.9818975152783272,0.0,28,14,3,0.08541754295583814
127216,matching,compatible,sgd,0.01,subtree_projection,1,2.6431043656650064,2.604337561977582,1.0,0.5740083163548597,0.6642925367223643,0,0,2.259845320738835,0.9818975152783272,0.0,28,14,3,0.08542634302284569
127216,matching,compatible,sgd,0.01,shuffled_projection,1,2.644591648123205,2.6057854873679416,1.0,0.5691666997157234,0.6818132169373797,0,0,2.2593919084048513,0.9818975152783272,0.0,28,14,3,0.08543569594621658
127216,matching,compatible,sgd,0.03,exact,1,2.391850978803685,2.3544451552289978,1.0,1.0,0.0,0,0,2.2130547139382926,0.9555349939204585,0.0,28,14,3,0.08544466795865446
127216,matching,compatible,sgd,0.03,broadcast,1,2.569467197077011,2.5300673170576937,1.0,0.3915655356322679,2.4620756077747292,0,0,2.2297922342996355,1.0047951089839027,0.0,28,14,3,0.08545348793268204
127216,matching,compatible,sgd,0.03,global_projection,1,2.5793680881231014,2.5410460845796723,1.0,0.5739103529906212,0.6844718403532888,0,0,2.2488121479208716,0.9723247281864509,0.0,28,14,3,0.0854623899795115
127216,matching,compatible,sgd,0.03,subtree_projection,1,2.5725553253870936,2.534308212788942,1.0,0.584261120853237,0.6539290485091093,0,0,2.249368536491457,0.9758265833985609,0.0,28,14,3,0.08547147701028734
127216,matching,compatible,sgd,0.03,shuffled_projection,1,2.5769150217547527,2.5385523711764386,1.0,0.5774941326411472,0.6714986794920063,0,0,2.247981874316373,0.9708896680025197,0.0,28,14,3,0.08548036403954029
127216,matching,compatible,adam,0.003,exact,1,2.643962823887776,2.6049731543544,1.0,1.0,0.0,0,0,2.2588631368702523,0.9920787759800213,0.0,28,14,3,0.08548945595975965
127216,matching,compatible,adam,0.003,broadcast,1,2.6739962479465866,2.63488132589638,1.0,0.3591293003150292,2.442543343742338,0,0,2.261845640728153,0.9920787759800213,0.0,28,14,3,0.08549824892543256
127216,matching,compatible,adam,0.003,global_projection,1,2.6631186192479253,2.62435115133225,1.0,0.5609053132165341,0.6991187115666386,0,0,2.265810888331293,0.9920787759800213,0.0,28,14,3,0.0855077849701047
127216,matching,compatible,adam,0.003,subtree_projection,1,2.663424009979198,2.6246752590735944,1.0,0.5717199457962501,0.6680831499982739,0,0,2.2654017463803506,0.9920787759800213,0.0,28,14,3,0.08551664801780134
127216,matching,compatible,adam,0.003,shuffled_projection,1,2.6706340451502775,2.6316866104415295,1.0,0.5658767323564513,0.6849818495212316,0,0,2.2645199501501128,0.9920787759800213,0.0,28,14,3,0.08552549500018358
127216,matching,compatible,adam,0.01,exact,1,2.5652807690177313,2.526401869973885,1.0,0.9999999999999998,0.0,0,0,2.2444410144550466,0.985078776033127,0.0,28,14,3,0.08559810393489897
127216,matching,compatible,adam,0.01,broadcast,1,2.6625682013048593,2.6232450068909996,1.0,0.3693304908466775,2.43743888721959,0,0,2.2544309511326457,0.985078776033127,0.0,28,14,3,0.08560730901081115
127216,matching,compatible,adam,0.01,global_projection,1,2.6258333802951555,2.587683799452644,1.0,0.5611813587676504,0.6974710040836917,0,0,2.267664688105762,0.985078776033127,0.0,28,14,3,0.0856163949938491
127216,matching,compatible,adam,0.01,subtree_projection,1,2.6272147923819134,2.589118516796465,1.0,0.5781837352070462,0.6652001557370366,0,0,2.2663017183918197,0.985078776033127,0.0,28,14,3,0.08562536898534745
127216,matching,compatible,adam,0.01,shuffled_projection,1,2.6508591279089107,2.6120898965337602,1.0,0.5678127842775256,0.680642644463318,0,0,2.263362227275705,0.985078776033127,0.0,28,14,3,0.08563400199636817
127216,matching,compatible,adam,0.03,exact,1,2.3622736607027184,2.3238292227370048,1.0,1.0000000000000002,0.0,0,0,2.2061441393179777,0.9650787761848575,0.0,28,14,3,0.08564485202077776
127216,matching,compatible,adam,0.03,broadcast,1,2.6318560444799,2.5918596573896537,1.0,0.3973596660905921,2.420471461813353,0,0,2.2364933202546973,1.0017932491292265,0.0,28,14,3,0.08565356698818505
127216,matching,compatible,adam,0.03,global_projection,1,2.517958082492595,2.4816135035318765,1.0,0.5610974430435376,0.692593154913923,0,0,2.276276499827922,1.0017932324680643,0.0,28,14,3,0.08566221897490323
127216,matching,compatible,adam,0.03,subtree_projection,1,2.5251516806144068,2.4888871535406016,1.0,0.5959719313201485,0.6568765638649801,0,0,2.2722007076400303,1.001793247170534,0.0,28,14,3,0.08567792794201523
127216,matching,compatible,adam,0.03,shuffled_projection,1,2.592575741961888,2.5542165268986015,1.0,0.5738362850496058,0.6676566281177425,0,0,2.263393738379367,0.9650787761848575,0.0,28,14,3,0.08568645699415356
127216,matching,assignment_shuffled,sgd,0.003,exact,1,1.8829624768635407,1.8854732044482052,1.0,0.9999999999999998,0.0,0,0,2.262271805907626,0.9929272370481605,0.5,28,14,3,0.08569514798000455
127216,matching,assignment_shuffled,sgd,0.003,broadcast,1,1.8912120547762292,1.8939186295445434,1.0,0.36392100044080056,2.4460005390121995,0,0,2.263471887860491,0.9929272370481605,0.5,28,14,3,0.08570383093319833
127216,matching,assignment_shuffled,sgd,0.003,global_projection,1,1.8915239686125958,1.8943151482720766,1.0,0.561972278778538,0.6989997790191016,0,0,2.2642913925957724,0.9929272370481605,0.5,28,14,3,0.08571232494432479
127216,matching,assignment_shuffled,sgd,0.003,subtree_projection,1,1.8912576882453416,1.8940421817001694,1.0,0.5697440499878766,0.6685102567954055,0,0,2.264313937991006,0.9929272370481605,0.5,28,14,3,0.08572116901632398
127216,matching,assignment_shuffled,sgd,0.003,shuffled_projection,1,1.891528438688602,1.8943199065096792,1.0,0.5675396669342144,0.6859891526246021,0,0,2.2642769476311977,0.9929272370481605,0.5,28,14,3,0.08572971599642187
127216,matching,assignment_shuffled,sgd,0.01,exact,1,1.8542100554966,1.8558878200561695,1.0,0.9999999999999998,0.0,0,0,2.2554547414424166,0.9879069795935912,0.5,28,14,3,0.08573812001850456
127216,matching,assignment_shuffled,sgd,0.01,broadcast,1,1.881110710802038,1.8834280569607769,1.0,0.36882517453901537,2.4493193076596307,0,0,2.2594772144852695,0.9879069795935912,0.5,28,14,3,0.08574657700955868
127216,matching,assignment_shuffled,sgd,0.01,global_projection,1,1.8821803420522687,1.8847793317881822,1.0,0.5637894488109036,0.6970866175046228,0,0,2.262176684852611,0.9879069795935912,0.5,28,14,3,0.08575502794701606
127216,matching,assignment_shuffled,sgd,0.01,subtree_projection,1,1.8813002455214893,1.8838770964377938,1.0,0.5718253053906452,0.6666262840644099,0,0,2.262252606635068,0.9879069795935912,0.5,28,14,3,0.08576373592950404
127216,matching,assignment_shuffled,sgd,0.01,shuffled_projection,1,1.8821947719330754,1.8847946493782763,1.0,0.5693228660784886,0.6840698830066428,0,0,2.262128638216537,0.9879069795935912,0.5,28,14,3,0.08577225997578353
127216,matching,assignment_shuffled,sgd,0.03,exact,1,1.7765683779745411,1.7759713250781903,1.0,1.0,0.0,0,0,2.236122399377216,0.9735633868662501,0.5,28,14,3,0.08578091894742101
127216,matching,assignment_shuffled,sgd,0.03,broadcast,1,1.8523238559757482,1.8535357076783354,1.0,0.38244481647581074,2.459089668631522,0,0,2.248380610498678,0.9928809540133257,0.5,28,14,3,0.08578952203970402
127216,matching,assignment_shuffled,sgd,0.03,global_projection,1,1.8557687081508265,1.8578214804460536,1.0,0.5690273794735288,0.6915359858265682,0,0,2.2562008087451138,0.9735633868662501,0.5,28,14,3,0.08579827297944576
127216,matching,assignment_shuffled,sgd,0.03,subtree_projection,1,1.853192245672132,1.8551798609992134,1.0,0.5778033607041524,0.6611609084945848,0,0,2.2564351944705283,0.9746226677958769,0.5,28,14,3,0.08580944198183715
127216,matching,assignment_shuffled,sgd,0.03,shuffled_projection,1,1.8558080644360002,1.8578628868258689,1.0,0.5744648928100083,0.6785023487429204,0,0,2.2560575612516613,0.9735633868662501,0.5,28,14,3,0.08581835695076734
127216,matching,assignment_shuffled,adam,0.003,exact,1,1.8682436670932108,1.870502670018243,1.0,1.0,0.0,0,0,2.260145497443387,0.9920787759990922,0.5,28,14,3,0.08582706702873111
127216,matching,assignment_shuffled,adam,0.003,broadcast,1,1.8895255727626488,1.8921693423157553,1.0,0.36596133620298965,2.4436518187305043,0,0,2.26224185649794,0.9920787759990922,0.5,28,14,3,0.08583555393852293
127216,matching,assignment_shuffled,adam,0.003,global_projection,1,1.8848633963950332,1.8876738617845497,1.0,0.5618246659952418,0.6990917457725168,0,0,2.2653036846709576,0.9920787759990922,0.5,28,14,3,0.08584403293207288
127216,matching,assignment_shuffled,adam,0.003,subtree_projection,1,1.8830016580420854,1.8858224004756745,1.0,0.5711838819401107,0.6680521118240067,0,0,2.2659498719365185,0.9920787759990922,0.5,28,14,3,0.08585239993408322
127216,matching,assignment_shuffled,adam,0.003,shuffled_projection,1,1.892995493533805,1.8959312924428549,1.0,0.5679727512687014,0.684982023439278,0,0,2.265661687266952,0.9920787759990922,0.5,28,14,3,0.08586111001204699
127216,matching,assignment_shuffled,adam,0.01,exact,1,1.8073942393202829,1.8082911878550942,1.0,1.0,0.0,0,0,2.248740121983301,0.9850787760966968,0.5,28,14,3,0.08586965000722557
127216,matching,assignment_shuffled,adam,0.01,broadcast,1,1.875775578319382,1.8778917449997394,1.0,0.3754439175278772,2.4412441015047324,0,0,2.255755740934244,0.9850787760966968,0.5,28,14,3,0.08587817195802927
127216,matching,assignment_shuffled,adam,0.01,global_projection,1,1.8599776170200946,1.8626534179964525,1.0,0.5632330631851713,0.6973799377258252,0,0,2.2659749588602303,0.9850787760966968,0.5,28,14,3,0.08588662603870034
127216,matching,assignment_shuffled,adam,0.01,subtree_projection,1,1.854050161847471,1.8567602831676289,1.0,0.5764994155533448,0.665107680464166,0,0,2.2681275616266254,0.9850787760966968,0.5,28,14,3,0.08589514694176614
127216,matching,assignment_shuffled,adam,0.01,shuffled_projection,1,1.8868504880941561,1.8899149596699205,1.0,0.5708302006236464,0.6806435245512953,0,0,2.2671677071732335,0.9850787760966968,0.5,28,14,3,0.0859035940375179
127216,matching,assignment_shuffled,adam,0.03,exact,1,1.6536736972192219,1.6511761964742115,1.0,1.0,0.0,0,0,2.2192390658729506,0.9650787763755669,0.5,28,14,3,0.08591197396162897
127216,matching,assignment_shuffled,adam,0.03,broadcast,1,1.838816119375384,1.8395021541664405,1.0,0.4005972045194368,2.4327221803642614,0,0,2.2404971589460363,1.0017932489751495,0.5,28,14,3,0.08592045796103776
127216,matching,assignment_shuffled,adam,0.03,global_projection,1,1.7894044130374942,1.7917877858175029,1.0,0.5668110460383822,0.6923088614464016,0,0,2.271222829903769,1.0017932324261587,0.5,28,14,3,0.08592896198388189
127216,matching,assignment_shuffled,adam,0.03,subtree_projection,1,1.7739090871291348,1.7763966091442738,1.0,0.5907367288468258,0.6566890092795205,0,0,2.2776596442212105,1.001793246221073,0.5,28,14,3,0.08593749499414116
127216,matching,assignment_shuffled,adam,0.03,shuffled_projection,1,1.8680272210414137,1.8713205678118723,1.0,0.579502040450751,0.667675090644991,0,0,2.274790768654752,0.9650787763755669,0.5,28,14,3,0.08594592602457851
127216,matching,compatible,sgd,0.003,exact,16,2.2758030963393003,2.238683101282163,1.0,1.0,0.0,0,0,2.189335654684836,0.9395755887148647,0.0,28,14,3,0.15348644799087197
127216,matching,compatible,sgd,0.003,broadcast,16,2.490679476557881,2.451551883894492,1.0,0.40641036755208515,2.4877255804866065,0,0,2.2188231973039243,1.0205250564760504,0.0,28,14,3,0.1535114609869197
127216,matching,compatible,sgd,0.003,global_projection,16,2.5251682472251886,2.486982071613628,1.0,0.5826698299929003,0.6752756129508557,0,0,2.2386271035119827,0.9737813834318124,0.0,28,14,3,0.1535245249979198
127216,matching,compatible,sgd,0.003,subtree_projection,16,2.5120717475153858,2.4740320290913442,1.0,0.5948207122435678,0.6453019476841341,0,0,2.2393171046019416,0.9819991833137045,0.0,28,14,3,0.15353610296733677
127216,matching,compatible,sgd,0.003,shuffled_projection,16,2.5237435070268948,2.485548626887869,1.0,0.5865290036270131,0.6620607520960347,0,0,2.2376220125373276,0.9702895136908126,0.0,28,14,3,0.15354641992598772
127216,matching,compatible,sgd,0.01,exact,16,1.7846631708302645,1.7502792233405722,1.0,0.9999999999999999,0.0,0,0,2.0671441973702156,0.8502266572540874,0.0,28,14,3,0.15355646202806383
127216,matching,compatible,sgd,0.01,broadcast,16,2.1009192411207147,2.0618929184231134,1.0,0.4925759737782558,2.6260633203712307,0,0,2.127617781562467,1.1129275632261957,0.0,28,14,3,0.1535661070374772
127216,matching,compatible,sgd,0.01,global_projection,16,2.2169621056749813,2.18050886636522,1.0,0.6346176520843937,0.6122981796868966,0,0,2.185915751020514,0.9771532299456539,0.0,28,14,3,0.15357563795987517
127216,matching,compatible,sgd,0.01,subtree_projection,16,2.187237878330665,2.1511537690220552,1.0,0.6506195003273035,0.584655905393934,0,0,2.1892685209914906,1.001241068065199,0.0,28,14,3,0.1535852929810062
127216,matching,compatible,sgd,0.01,shuffled_projection,16,2.213721401586474,2.1772370832279915,1.0,0.6375777537793588,0.5989695014999034,0,0,2.1829559654395445,0.9668619836044575,0.0,28,14,3,0.15359542798250914
127216,matching,compatible,sgd,0.03,exact,16,1.3140448265503895,1.2831261647189531,1.0,1.0,0.0,0,0,1.89067177343205,0.8075255915414545,0.0,28,14,3,0.15360545902512968
127216,matching,compatible,sgd,0.03,broadcast,16,1.442294715307356,1.4047642832570495,1.0,0.5943152945854092,3.126295794216968,0,0,1.9614178043662343,1.2639692949030028,0.0,28,14,3,0.15361510100774467
127216,matching,compatible,sgd,0.03,global_projection,16,1.6230347252694,1.590204485745255,1.0,0.7796086593984787,0.4013813278221216,0,0,2.090752499944,0.980240244675384,0.0,28,14,3,0.15362463798373938
127216,matching,compatible,sgd,0.03,subtree_projection,16,1.6035715262010326,1.571194010209032,1.0,0.7840967512368336,0.38870470008330565,0,0,2.1030846528050358,1.0327816087780561,0.0,28,14,3,0.15363414399325848
127216,matching,compatible,sgd,0.03,shuffled_projection,16,1.6202550569374607,1.587348234142355,1.0,0.780458352934675,0.3914385166281908,0,0,2.0843701333575835,0.9582937075894067,0.0,28,14,3,0.15364371694158763
127216,matching,compatible,adam,0.003,exact,16,2.177465321797956,2.1390625030363317,1.0,1.0,0.0,0,0,2.1610480909175975,0.9491495470119604,0.0,28,14,3,0.15365334192756563
127216,matching,compatible,adam,0.003,broadcast,16,2.5023322052515544,2.462561614159719,1.0,0.4151213759293974,2.44024614961638,0,0,2.206029114473974,1.0183366649915355,0.0,28,14,3,0.1536628439789638
127216,matching,compatible,adam,0.003,global_projection,16,2.442056081850371,2.405124928697311,1.0,0.5707642677640936,0.6845062945977831,0,0,2.2490206591676487,1.0159620380000423,0.0,28,14,3,0.15367904701270163
127216,matching,compatible,adam,0.003,subtree_projection,16,2.4379438899278805,2.4012882064501095,1.0,0.6102371390458368,0.6483324979966473,0,0,2.2477949813016735,1.0170196491298193,0.0,28,14,3,0.15368890296667814
127216,matching,compatible,adam,0.003,shuffled_projection,16,2.5216691839480005,2.483181604916675,1.0,0.5814427331655363,0.6524277904012438,0,0,2.2455969521116876,0.9483398893555967,0.0,28,14,3,0.15370095695834607
127216,matching,compatible,adam,0.01,exact,16,1.5233711569136075,1.489501055970576,1.0,1.0,0.0,0,0,1.996444941132633,0.9150101695438623,0.0,28,14,3,0.1537110930075869
127216,matching,compatible,adam,0.01,broadcast,16,2.0884013519871187,2.0483510956103177,1.0,0.5216041600793104,2.4798939758807785,0,0,2.1112818402514733,1.1227598314697271,0.0,28,14,3,0.15372069098521024
127216,matching,compatible,adam,0.01,global_projection,16,1.8931006223668252,1.861717358709556,1.0,0.5688848251482178,0.6372711976767794,0,0,2.279440567894814,1.1101525985736078,0.0,28,14,3,0.15373020293191075
127216,matching,compatible,adam,0.01,subtree_projection,16,1.947998269375185,1.915007192454377,1.0,0.6716039360794748,0.5929758112786797,0,0,2.2701550566341084,1.1154196168856372,0.0,28,14,3,0.1537398350192234
127216,matching,compatible,adam,0.01,shuffled_projection,16,2.101461412223943,2.0651670297533578,1.0,0.6213796257444036,0.5529381802125811,0,0,2.276056877313387,0.9396562693576612,0.0,28,14,3,0.15374921902548522
127216,matching,compatible,adam,0.03,exact,16,0.8298916021615294,0.8168301826732571,1.0,1.0000000000000002,0.0,0,0,1.9964833155238673,1.2061852060355664,0.0,28,14,3,0.15375892200972885
127216,matching,compatible,adam,0.03,broadcast,16,1.2713319068187694,1.239942305401935,1.0,0.6202722186228713,2.8860267752259765,0,0,2.1621364288981,1.3760887569582205,0.0,28,14,3,0.15376842999830842
127216,matching,compatible,adam,0.03,global_projection,16,1.0488209632096412,1.0313057122282967,1.0,0.509260296191574,0.4230036589475146,0,0,2.763356831063654,1.166946861357548,0.0,28,14,3,0.15377783600706607
127216,matching,compatible,adam,0.03,subtree_projection,16,1.1726895852681758,1.1455850269499863,1.0,0.6337613856607548,0.3560162175929928,0,0,2.627015128653478,1.3100289062572046,0.0,28,14,3,0.15378739696461707
127216,matching,compatible,adam,0.03,shuffled_projection,16,0.9805944374554257,0.9581574984168258,1.0,0.6967740367312686,0.2922650212652611,0,0,2.7435855388994903,1.2550470915432355,0.0,28,14,3,0.15379710996057838
127216,matching,assignment_shuffled,sgd,0.003,exact,16,1.6883732340988509,1.6850837708607151,1.0,0.9999999999999999,0.0,0,0,2.2123099363115126,0.9549304225281862,0.5,28,14,3,0.15380717802327126
127216,matching,assignment_shuffled,sgd,0.003,broadcast,16,1.8062361402945708,1.8061547023378588,1.0,0.3995524140338423,2.4792047606183516,0,0,2.2371835699510645,1.0078838909173222,0.5,28,14,3,0.15381691697984934
127216,matching,assignment_shuffled,sgd,0.003,global_projection,16,1.818097289035209,1.8191225960062671,1.0,0.5768279842224405,0.6833130729624106,0,0,2.246793490656275,0.9735734131097304,0.5,28,14,3,0.15382649493403733
127216,matching,assignment_shuffled,sgd,0.003,subtree_projection,16,1.8119312613582335,1.8127948092222763,1.0,0.5877695999241295,0.6529905547708305,0,0,2.247659003340818,0.9796914910449444,0.5,28,14,3,0.15383624599780887
127216,matching,assignment_shuffled,sgd,0.003,shuffled_projection,16,1.8174168917618472,1.8184336546313393,1.0,0.5821181069835065,0.6702719056792624,0,0,2.246338084990456,0.9713977931259846,0.5,28,14,3,0.15384568192530423
127216,matching,assignment_shuffled,sgd,0.01,exact,16,1.4198357742207346,1.4082965552253424,1.0,0.9999999999999999,0.0,0,0,2.1235641092692235,0.884771929582336,0.5,28,14,3,0.1538549599936232
127216,matching,assignment_shuffled,sgd,0.01,broadcast,16,1.6214446128475002,1.614954481764686,1.0,0.46159526349221597,2.5779751444051335,0,0,2.180734709978361,1.0795539596035864,0.5,28,14,3,0.15386423899326473
127216,matching,assignment_shuffled,sgd,0.01,global_projection,16,1.6618261113105093,1.6589352436859002,1.0,0.6129922149305312,0.6431165265550737,0,0,2.209294278654937,0.9768970853807988,0.5,28,14,3,0.15387365699280053
127216,matching,assignment_shuffled,sgd,0.01,subtree_projection,16,1.6464671594782514,1.6431505726090145,1.0,0.6287944151249616,0.6137193442124684,0,0,2.2127045003769608,0.9955071147482059,0.5,28,14,3,0.15388703194912523
127216,matching,assignment_shuffled,sgd,0.01,shuffled_projection,16,1.6602686600929164,1.6573603512924944,1.0,0.6178234576312941,0.630125103379299,0,0,2.2079659610838975,0.9703103667236906,0.5,28,14,3,0.1538965660147369
127216,matching,assignment_shuffled,sgd,0.03,exact,16,1.1507153746820316,1.1307049803192064,1.0,0.9999999999999999,0.0,0,0,1.988988049495142,0.811700690317012,0.5,28,14,3,0.1539062779629603
127216,matching,assignment_shuffled,sgd,0.03,broadcast,16,1.3036432762093428,1.2848203074425601,1.0,0.48817154875621216,2.90643426720426,0,0,2.0686897328721776,1.212752439486553,0.5,28,14,3,0.15391997003462166
127216,matching,assignment_shuffled,sgd,0.03,global_projection,16,1.3562050560670582,1.3446471023408086,1.0,0.7100615137740987,0.5215817673425116,0,0,2.1353471858158954,0.9818434948204788,0.5,28,14,3,0.15392960293684155
127216,matching,assignment_shuffled,sgd,0.03,subtree_projection,16,1.338157204119964,1.3260591240511967,1.0,0.7264497447513492,0.49841526838932243,0,0,2.1473838508133882,1.0260990193032782,0.5,28,14,3,0.15393902896903455
127216,matching,assignment_shuffled,sgd,0.03,shuffled_projection,16,1.3545733690624244,1.3430076857768416,1.0,0.7143640534540434,0.5098155426276301,0,0,2.132580433325344,0.9665619918065771,0.5,28,14,3,0.1539484430104494
127216,matching,assignment_shuffled,adam,0.003,exact,16,1.5337331964028835,1.5281030655511298,1.0,1.0000000000000002,0.0,0,0,2.1845437940485324,0.9479663200871601,0.5,28,14,3,0.1539576769573614
127216,matching,assignment_shuffled,adam,0.003,broadcast,16,1.7715255620215724,1.7698050381842663,1.0,0.4196071169025754,2.45082648278165,0,0,2.2215331040769666,1.0190821029640098,0.5,28,14,3,0.15396707702893764
127216,matching,assignment_shuffled,adam,0.003,global_projection,16,1.7393150630201493,1.7380959644475162,1.0,0.5740239711167191,0.6906635689433273,0,0,2.2340281964635746,1.0173638164658543,0.5,28,14,3,0.15397624694742262
127216,matching,assignment_shuffled,adam,0.003,subtree_projection,16,1.699033227079604,1.697878272265661,1.0,0.6094155088227561,0.6511491574545754,0,0,2.2635486582837467,1.0182989462311711,0.5,28,14,3,0.153985530952923
127216,matching,assignment_shuffled,adam,0.003,shuffled_projection,16,1.7828580731410053,1.7842939196710552,1.0,0.582436749705047,0.6599446830179232,0,0,2.247469987787581,0.9473410214560303,0.5,28,14,3,0.15399494802113622
127216,matching,assignment_shuffled,adam,0.01,exact,16,1.0949733840834008,1.0795299479152185,1.0,1.0000000000000002,0.0,0,0,2.060078388228705,0.9360181899772019,0.5,28,14,3,0.1540043679997325
127216,matching,assignment_shuffled,adam,0.01,broadcast,16,1.515528520311554,1.5031354358240054,1.0,0.49654660526714717,2.4972596150676556,0,0,2.151773590708606,1.125627647493981,0.5,28,14,3,0.15401375596411526
127216,matching,assignment_shuffled,adam,0.01,global_projection,16,1.400923337304758,1.3920953265316165,1.0,0.587116782113591,0.6591231641524418,0,0,2.2168001573502827,1.1165012688078455,0.5,28,14,3,0.15402311994694173
127216,matching,assignment_shuffled,adam,0.01,subtree_projection,16,1.322192681200498,1.3124124212123087,1.0,0.6619753173843839,0.5979348103867846,0,0,2.3215569456386085,1.1204518894569315,0.5,28,14,3,0.15403275797143579
127216,matching,assignment_shuffled,adam,0.01,shuffled_projection,16,1.5505326335649465,1.5464462529526637,1.0,0.6309247405879599,0.5857311733213938,0,0,2.2622487507931752,0.9434790752965668,0.5,28,14,3,0.15404224500525743
127216,matching,assignment_shuffled,adam,0.03,exact,16,0.7869803372986106,0.7660254044354932,1.0,1.0,0.0,0,0,1.9557512534731951,1.1484838834883562,0.5,28,14,3,0.15405179595109075
127216,matching,assignment_shuffled,adam,0.03,broadcast,16,1.1613610189747214,1.1315655760508445,1.0,0.3368060285648341,2.8254121357083077,0,0,2.166910550963,1.3858302901646116,0.5,28,14,3,0.15406314993742853
127216,matching,assignment_shuffled,adam,0.03,global_projection,16,0.8801963992694319,0.8737135090584265,1.0,0.6281876241310954,0.4924893323003001,0,0,2.5708237719275844,1.2327083562494077,0.5,28,14,3,0.1540725160157308
127216,matching,assignment_shuffled,adam,0.03,subtree_projection,16,0.8664087786158046,0.8454366315848332,1.0,0.6842179850028691,0.4136990640169535,0,0,2.7193361302972776,1.3371648206785132,0.5,28,14,3,0.1540818540379405
127216,matching,assignment_shuffled,adam,0.03,shuffled_projection,16,1.0126097275365695,0.9891932990107646,1.0,0.6289759557737016,0.40789409385784436,0,0,2.571176339600627,1.2637398487624303,0.5,28,14,3,0.1540909819304943
127216,matching,compatible,sgd,0.003,exact,64,1.7000960102567826,1.6663100404565445,1.0,0.9999999999999998,0.0,0,0,2.0452566898109,0.8343777508359905,0.0,28,14,3,0.2927005449309945
127216,matching,compatible,sgd,0.003,broadcast,64,2.0005717983283224,1.9613500934343113,1.0,0.5111551556665169,2.6711201029156277,0,0,2.0979585578172193,1.1343365620800607,0.0,28,14,3,0.2927196320379153
127216,matching,compatible,sgd,0.003,global_projection,64,2.139088399581844,2.1031426597999716,1.0,0.6496318142552855,0.5929795913000689,0,0,2.172971241907085,0.9775275817356204,0.0,28,14,3,0.29273185797501355
127216,matching,compatible,sgd,0.003,subtree_projection,64,2.107203406530642,2.0716462911821454,1.0,0.6655121371629766,0.565973019272981,0,0,2.1785722083659413,1.0046486896996913,0.0,28,14,3,0.2927426940295845
127216,matching,compatible,sgd,0.003,shuffled_projection,64,2.1358208304022757,2.099817671290268,1.0,0.6523647715640115,0.5797494568059027,0,0,2.169567291662806,0.9655141145518849,0.0,28,14,3,0.2927528340369463
127216,matching,compatible,sgd,0.01,exact,64,1.2179263252202697,1.1881352580621547,1.0,1.0,0.0,0,0,1.8589056410294782,0.8178501923488125,0.0,28,14,3,0.29276283096987754
127216,matching,compatible,sgd,0.01,broadcast,64,1.2654720345601622,1.2282901080773665,1.0,0.6269800078188043,3.315401069268234,0,0,1.8949437988518774,1.2942569959615964,0.0,28,14,3,0.29277273395564407
127216,matching,compatible,sgd,0.01,global_projection,64,1.4339868673686484,1.4025881574060812,1.0,0.8408748913771333,0.2985607028985977,0,0,2.065824425196185,0.9782007335129252,0.0,28,14,3,0.29278249002527446
127216,matching,compatible,sgd,0.01,subtree_projection,64,1.427954097952954,1.3969151718768094,1.0,0.8364982937563152,0.2942055317243046,0,0,2.0842341906450543,1.037289863418057,0.0,28,14,3,0.292792015010491
127216,matching,compatible,sgd,0.01,shuffled_projection,64,1.4331357666217608,1.4016512858571126,1.0,0.8407680489380617,0.29215203931588923,0,0,2.0590386052466103,0.9532466058646363,0.0,28,14,3,0.2928016949445009
127216,matching,compatible,sgd,0.03,exact,64,0.9163054364524112,0.8914948180262763,1.0,0.9999999999999999,0.0,0,0,1.798748162115995,0.8820237926108072,0.0,28,14,3,0.2928115630056709
127216,matching,compatible,sgd,0.03,broadcast,64,0.6993122389225739,0.6669148731878686,1.0,0.43213954465337484,3.2848411470260266,0,0,1.8930766023901444,1.289744484130809,0.0,28,14,3,0.2928213549312204
127216,matching,compatible,sgd,0.03,global_projection,64,0.9263081837710795,0.899846655871558,1.0,0.8228797095518342,0.131800096999142,0,0,2.0512143923459014,0.9656234191047401,0.0,28,14,3,0.29283107502851635
127216,matching,compatible,sgd,0.03,subtree_projection,64,0.9495128972281207,0.9224464024131643,1.0,0.8484471221204087,0.12107254200021168,0,0,2.0724218096454483,1.0479242996491458,0.0,28,14,3,0.2928482060087845
127216,matching,compatible,sgd,0.03,shuffled_projection,64,0.9312795929575977,0.9047649195882522,1.0,0.8245054678906605,0.12370574577772792,0,0,2.0450504192456744,0.9405783542010542,0.0,28,14,3,0.2928612029645592
127216,matching,compatible,adam,0.003,exact,64,1.4097291177857816,1.3795884195348238,1.0,1.0000000000000002,0.0,0,0,2.0350782942100163,0.9626507322375554,0.0,28,14,3,0.29287136695347726
127216,matching,compatible,adam,0.003,broadcast,64,1.9786784317076171,1.9389744636002149,1.0,0.5417861328494235,2.4988615176120454,0,0,2.067181339600164,1.1434250894605524,0.0,28,14,3,0.2928811419988051
127216,matching,compatible,adam,0.003,global_projection,64,1.7713156396347296,1.7415823936689265,1.0,0.5560674694057828,0.6181760325375881,0,0,2.250304629312047,1.1001095119622788,0.0,28,14,3,0.2928909990005195
127216,matching,compatible,adam,0.003,subtree_projection,64,1.7965364116482783,1.765499797049946,1.0,0.6715133093206768,0.569839786273432,0,0,2.3112297769338457,1.1181632892229227,0.0,28,14,3,0.29290088894777
127216,matching,compatible,adam,0.003,shuffled_projection,64,1.9484839821117557,1.9129835184031696,1.0,0.6277102895606502,0.5196496951768731,0,0,2.2945785589552554,0.9860974492583794,0.0,28,14,3,0.29291048692539334
127216,matching,compatible,adam,0.01,exact,64,0.7799206984274574,0.7714388464900747,1.0,1.0,0.0,0,0,2.1292580673697463,1.246916362625278,0.0,28,14,3,0.29292022495064884
127216,matching,compatible,adam,0.01,broadcast,64,1.093947719987837,1.0641154546785199,1.0,0.5502548984095259,2.8387685030832337,0,0,2.05808554134402,1.3788908950716725,0.0,28,14,3,0.29293121001683176
127216,matching,compatible,adam,0.01,global_projection,64,0.935749556709011,0.903490584065432,1.0,0.7444209964507318,0.3085796431169605,0,0,2.8666107343436344,1.0926576901949108,0.0,28,14,3,0.2929442640161142
127216,matching,compatible,adam,0.01,subtree_projection,64,0.8275900345525666,0.82846086584612,1.0,0.7816899445992134,0.33771430888620174,0,0,2.9808385032645566,1.2010939899124542,0.0,28,14,3,0.2929541809717193
127216,matching,compatible,adam,0.01,shuffled_projection,64,0.7243233254608783,0.7040607827577937,1.0,0.6375265658132785,0.29715535030876317,0,0,3.033313649421663,1.427928318266196,0.0,28,14,3,0.2929637909401208
127216,matching,compatible,adam,0.03,exact,64,0.21545168801661446,0.19163990828507038,1.0,1.0000000000000002,0.0,0,0,2.5487355383972257,1.2110679558379873,0.0,28,14,3,0.2929735949728638
127216,matching,compatible,adam,0.03,broadcast,64,1.1517141669218496,1.1252199151025795,1.0,-0.30873975263663733,2.3283808046847567,0,0,2.977349723783938,1.4365390903621857,0.0,28,14,3,0.29298327199649066
127216,matching,compatible,adam,0.03,global_projection,64,0.23467889252786997,0.21299708344624618,1.0,0.9785101933555784,0.05546287744216454,0,4,4.631367266830057,2.0,0.0,28,14,3,0.29299269698094577
127216,matching,compatible,adam,0.03,subtree_projection,64,0.5413692228760505,0.5354764602155438,1.0,0.9904567323653864,0.06643857528472076,0,0,3.629951812252444,1.481343317410163,0.0,28,14,3,0.29300229996442795
127216,matching,compatible,adam,0.03,shuffled_projection,64,0.2989197550084834,0.2832624112738469,1.0,0.9922088112743424,0.14049718307068304,0,5,4.311468248921722,2.0,0.0,28,14,3,0.29301179002504796
127216,matching,assignment_shuffled,sgd,0.003,exact,64,1.3924983334810228,1.3803449658751148,1.0,1.0,0.0,0,0,2.113531651629409,0.8765573178179017,0.5,28,14,3,0.2930215229280293
127216,matching,assignment_shuffled,sgd,0.003,broadcast,64,1.5958672218263725,1.588341157917336,1.0,0.46829015470222757,2.595618070699474,0,0,2.1697762869678514,1.0887606211628271,0.5,28,14,3,0.2930311739910394
127216,matching,assignment_shuffled,sgd,0.003,global_projection,64,1.6384018132685814,1.634977446974335,1.0,0.6191201466686949,0.6362033126488045,0,0,2.2040713092117037,0.97695341911859,0.5,28,14,3,0.2930427279789001
127216,matching,assignment_shuffled,sgd,0.003,subtree_projection,64,1.6223408682234493,1.6184649335114683,1.0,0.6351500404767663,0.6070505070684924,0,0,2.2076021138252218,0.9970870497765392,0.5,28,14,3,0.29305229103192687
127216,matching,assignment_shuffled,sgd,0.003,shuffled_projection,64,1.6363117923080994,1.632883940050536,1.0,0.6237114739881631,0.6233958668031796,0,0,2.2022395936775836,0.9703028616700035,0.5,28,14,3,0.29306189296767116
127216,matching,assignment_shuffled,sgd,0.01,exact,64,1.108676837987136,1.0880399466650985,1.0,1.0000000000000002,0.0,0,0,1.969718062074651,0.8185985176263755,0.5,28,14,3,0.29307108698412776
127216,matching,assignment_shuffled,sgd,0.01,broadcast,64,1.2517546490538143,1.2303738476876092,1.0,0.471872207449049,3.009083533192574,0,0,2.0324200478866965,1.2354773417781002,0.5,28,14,3,0.29308033594861627
127216,matching,assignment_shuffled,sgd,0.01,global_projection,64,1.2829501297361001,1.2692932541091175,1.0,0.7405627797362064,0.48091804182271375,0,0,2.1200533589752872,0.9809429222803874,0.5,28,14,3,0.29308973194565624
127216,matching,assignment_shuffled,sgd,0.01,subtree_projection,64,1.2675268950637664,1.2534190656929303,1.0,0.7547678839208757,0.4605985759780352,0,0,2.1339570218768142,1.0310136671873937,0.5,28,14,3,0.2930990959284827
127216,matching,assignment_shuffled,sgd,0.01,shuffled_projection,64,1.2812986248037284,1.267707041956395,1.0,0.7439037080871149,0.4708867083855019,0,0,2.116042334723051,0.9658147903834762,0.5,28,14,3,0.29310850193724036
127216,matching,assignment_shuffled,sgd,0.03,exact,64,0.9200953703379261,0.8962245677406582,1.0,0.9999999999999999,0.0,0,0,1.8913580095091982,0.8918489969315618,0.5,28,14,3,0.29311773693189025
127216,matching,assignment_shuffled,sgd,0.03,broadcast,64,1.0811258015406642,1.0512062441784318,1.0,0.25098395450586924,3.6974167169845367,0,0,1.9139938571377173,1.3484288260378081,0.5,28,14,3,0.29312694096006453
127216,matching,assignment_shuffled,sgd,0.03,global_projection,64,0.989889181820214,0.9639535133659429,1.0,0.828433670590247,0.24390321215101163,0,0,2.072045481107427,0.975937821002835,0.5,28,14,3,0.2931362279923633
127216,matching,assignment_shuffled,sgd,0.03,subtree_projection,64,0.9827152020027625,0.9571522636335839,1.0,0.8587901636247958,0.23609651299380935,0,0,2.107216124965962,1.0598221243286121,0.5,28,14,3,0.29314551793504506
127216,matching,assignment_shuffled,sgd,0.03,shuffled_projection,64,0.9904498087922183,0.9646887616943911,1.0,0.8302489394158612,0.24209233244118114,0,0,2.0661074783768907,0.9567245783702194,0.5,28,14,3,0.29315486503764987
127216,matching,assignment_shuffled,adam,0.003,exact,64,1.0664335800163458,1.0537254525995845,1.0,1.0,0.0,0,0,2.101615100398416,0.9645626764884005,0.5,28,14,3,0.29316439700778574
127216,matching,assignment_shuffled,adam,0.003,broadcast,64,1.4848994176076502,1.4710396501762761,1.0,0.5044430589742004,2.4915011195763133,0,0,2.1267202188550605,1.1351557035879154,0.5,28,14,3,0.2931736239697784
127216,matching,assignment_shuffled,adam,0.003,global_projection,64,1.3472678379719372,1.340090223869581,1.0,0.5883889107121614,0.648483031615379,0,0,2.2228541466059215,1.0979360516936194,0.5,28,14,3,0.2931828500004485
127216,matching,assignment_shuffled,adam,0.003,subtree_projection,64,1.2725530492744896,1.263303450208157,1.0,0.6637093159186989,0.5941173517885445,0,0,2.3237033830521603,1.115784532297408,0.5,28,14,3,0.29319211293477565
127216,matching,assignment_shuffled,adam,0.003,shuffled_projection,64,1.4517784951108026,1.4484889281183673,1.0,0.6360853314597918,0.564890653517949,0,0,2.2607861492493018,0.9812984495730258,0.5,28,14,3,0.29320153896696866
127216,matching,assignment_shuffled,adam,0.01,exact,64,0.7921447960561534,0.7716814852346838,1.0,1.0000000000000002,0.0,0,0,1.9906507445709631,1.1195478295569141,0.5,28,14,3,0.293210937990807
127216,matching,assignment_shuffled,adam,0.01,broadcast,64,1.1114825925176648,1.0822148805991536,1.0,0.45186572289879223,2.7609374037693417,0,0,2.071294326675892,1.3582610294359894,0.5,28,14,3,0.293222627020441
127216,matching,assignment_shuffled,adam,0.01,global_projection,64,0.8363911697790676,0.8256032798534437,1.0,0.6491229946819869,0.38993411324345123,0,0,2.5397242096923094,0.9696863982260407,0.5,28,14,3,0.293232285999693
127216,matching,assignment_shuffled,adam,0.01,subtree_projection,64,0.8202339697858427,0.8056636898059716,1.0,0.6224744449781907,0.3856685906590225,0,0,2.6479537604142873,1.2261568483789074,0.5,28,14,3,0.2932424769969657
127216,matching,assignment_shuffled,adam,0.01,shuffled_projection,64,0.730457358622296,0.7174176304852641,1.0,0.646369172187216,0.3791424417388443,0,0,2.8053128140869044,1.3922840685787248,0.5,28,14,3,0.29325196403078735
127216,matching,assignment_shuffled,adam,0.03,exact,64,0.7791786060448008,0.7546129608798313,1.0,1.0,0.0,0,0,1.9080379513399597,1.1592011240064228,0.5,28,14,3,0.2932614739984274
127216,matching,assignment_shuffled,adam,0.03,broadcast,64,1.1767637336248316,1.14822026462799,1.0,-0.5534696325140912,2.9855882934987052,0,0,2.71550239602621,1.6226583470344886,0.5,28,14,3,0.29327103192918
127216,matching,assignment_shuffled,adam,0.03,global_projection,64,0.6337344513560228,0.6214811721330152,1.0,0.799443897502771,0.2711478032943209,0,0,3.3798851762579813,1.2661501563015072,0.5,28,14,3,0.293280620011501
127216,matching,assignment_shuffled,adam,0.03,subtree_projection,64,0.5981352497198353,0.5848776534142104,1.0,0.7489907603080894,0.2606027547730465,0,0,3.318997413280597,1.4978161437153092,0.5,28,14,3,0.2932899909792468
127216,matching,assignment_shuffled,adam,0.03,shuffled_projection,64,0.6703458114082933,0.6594941369085381,1.0,0.8371005430645112,0.20394226678072944,0,0,3.494323993895605,1.9167127350333053,0.5,28,14,3,0.2932993619469926
127216,matching,compatible,sgd,0.003,exact,256,1.173879658876908,1.1446057835886903,1.0,1.0,0.0,0,0,1.8421229651921591,0.8239121964038656,0.0,28,14,3,0.7119746790267527
127216,matching,compatible,sgd,0.003,broadcast,256,1.1881571259911166,1.1510054816069362,1.0,0.6470477728112344,3.393394794260894,0,0,1.866832280314417,1.3043807366186215,0.0,28,14,3,0.711991313030012
127216,matching,compatible,sgd,0.003,global_projection,256,1.338385807518748,1.3077653994090102,1.0,0.8729988263073901,0.24110850809259513,0,0,2.0552128162590826,0.9768030621503095,0.0,28,14,3,0.7120024859905243
127216,matching,compatible,sgd,0.003,subtree_projection,256,1.3400299368730444,1.3096723973033124,1.0,0.864264903337131,0.24087075232892702,0,0,2.0759778876481407,1.0400008512517886,0.0,28,14,3,0.7120122889755294
127216,matching,compatible,sgd,0.003,shuffled_projection,256,1.3386066214131485,1.3079046878980105,1.0,0.8724010305272049,0.2368913928329033,0,0,2.0485665351443423,0.9511684759548367,0.0,28,14,3,0.7120216350303963
127216,matching,compatible,sgd,0.01,exact,256,0.8127496550990907,0.7903712699390264,1.0,1.0,0.0,0,0,1.8565697803997836,0.9256776547388328,0.0,28,14,3,0.7120308990124613
127216,matching,compatible,sgd,0.01,broadcast,256,0.6345992390080706,0.6041279661536205,1.0,-0.019321726743161363,3.063486130810916,0,0,2.0496487310110085,1.2446665428449093,0.0,28,14,3,0.7120397849939764
127216,matching,compatible,sgd,0.01,global_projection,256,0.8938616089087635,0.8680746630552313,1.0,0.6586100604806864,0.18901054236652462,0,0,2.068357635394459,0.9634418596031535,0.0,28,14,3,0.712048716028221
127216,matching,compatible,sgd,0.01,subtree_projection,256,0.9097871670965036,0.8833368117202617,1.0,0.7057206842069623,0.18380810736116104,0,0,2.0935417034527712,1.0463906521443058,0.0,28,14,3,0.7120646620169282
127216,matching,compatible,sgd,0.01,shuffled_projection,256,0.8981260643157841,0.8722763150731694,1.0,0.6606822079706917,0.1771271250541619,0,0,2.065150394803069,0.9400834827457171,0.0,28,14,3,0.7120738639496267
127216,matching,compatible,sgd,0.03,exact,256,0.26950187073769893,0.24867776911632555,1.0,1.0,0.0,0,0,2.30682928461886,1.05055417570554,0.0,28,14,3,0.7120832069776952
127216,matching,compatible,sgd,0.03,broadcast,256,0.10332522819593953,0.07980046076866187,1.0,0.8545029415173482,2.2167431964971818,0,60,4.279316424626303,2.0,0.0,28,14,3,0.7120921410387382
127216,matching,compatible,sgd,0.03,global_projection,256,0.8373996369924943,0.8137362374136563,1.0,0.34937575835464246,0.3226085159758591,0,0,2.177790532254851,0.9958129194619783,0.0,28,14,3,0.7121011760318652
127216,matching,compatible,sgd,0.03,subtree_projection,256,0.802893817016453,0.7802528595417338,1.0,0.4643218403023473,0.36064693581689283,0,0,2.247457603873741,1.0831754974114354,0.0,28,14,3,0.7121101559605449
127216,matching,compatible,sgd,0.03,shuffled_projection,256,0.8311602443996189,0.8075651767802381,1.0,0.3723006681303909,0.3057219672208923,0,0,2.204907961180092,0.9708947989748604,0.0,28,14,3,0.7121193410130218
127216,matching,compatible,adam,0.003,exact,256,0.7549525676450946,0.7429816159851246,1.0,0.9999999999999999,0.0,0,0,2.166336118783432,1.1959373326935931,0.0,28,14,3,0.7121284409658983
127216,matching,compatible,adam,0.003,broadcast,256,1.0284798719528998,0.996953255300207,1.0,0.5414335907124901,2.7757872509141266,0,0,1.9570241702389917,1.3350778810800032,0.0,28,14,3,0.7121395629364997
127216,matching,compatible,adam,0.003,global_projection,256,0.7068208164365644,0.6867517463197427,1.0,0.7620975428040487,0.22016500869552422,0,0,2.952492979950076,1.123499358469144,0.0,28,14,3,0.7121485249372199
127216,matching,compatible,adam,0.003,subtree_projection,256,0.6740852612817625,0.6695483034920277,1.0,0.5814492251454002,0.21628243720087612,0,0,2.921928276047845,1.3643383838286076,0.0,28,14,3,0.7121573999756947
127216,matching,compatible,adam,0.003,shuffled_projection,256,0.5772975875434488,0.5633985793616996,1.0,0.591589649173741,0.2657929162248931,0,0,3.0499642112731777,1.4476901910307827,0.0,28,14,3,0.7121661549899727
127216,matching,compatible,adam,0.01,exact,256,0.030023660959723187,0.007771592116106998,1.0,0.9999999999999999,0.0,0,0,2.6687911915727427,1.1216706536187904,0.0,28,14,3,0.7121748259523883
127216,matching,compatible,adam,0.01,broadcast,256,0.6879665319472479,0.6808625490931345,1.0,0.4972221532881066,3.152030181675393,0,6,4.063023602718441,2.0,0.0,28,14,3,0.712183543946594
127216,matching,compatible,adam,0.01,global_projection,256,0.02255711732836676,0.0008027305542784382,1.0,0.9975610805620676,0.014563935769785121,0,57,4.0238887824529685,1.99974339719172,0.0,28,14,3,0.7121923919767141
127216,matching,compatible,adam,0.01,subtree_projection,256,0.15509143329052205,0.13551715822100613,1.0,0.9443470629215291,0.063235594809511,0,0,3.6989402150961115,1.4291332289882392,0.0,28,14,3,0.7122010049642995
127216,matching,compatible,adam,0.01,shuffled_projection,256,0.022483504625998386,0.0005792014441121987,1.0,0.9603370957041228,0.058265681907008836,0,51,4.186893785357974,1.9998977304197292,0.0,28,14,3,0.7122096279636025
127216,matching,compatible,adam,0.03,exact,256,0.022788393153209137,0.0008862635683314245,1.0,1.0,0.0,0,0,2.776039946243268,1.1964604886603007,0.0,28,14,3,0.7122184330364689
127216,matching,compatible,adam,0.03,broadcast,256,0.022552823238631663,0.0009525374273968328,1.0,0.9932410014471789,2.933364009181816,32,156,5.592599653582963,2.0,0.0,28,14,3,0.712230077944696
127216,matching,compatible,adam,0.03,global_projection,256,0.03319016064160727,0.01215690964128189,1.0,0.9999089823594524,0.008145724826172254,0,50,4.608257722617273,1.9522265113458988,0.0,28,14,3,0.7122393100289628
127216,matching,compatible,adam,0.03,subtree_projection,256,0.054451031793920586,0.031113414693993736,1.0,0.7106852349727195,0.4740083892422159,0,0,4.053056402683389,1.9028638827657938,0.0,28,14,3,0.7122479459503666
127216,matching,compatible,adam,0.03,shuffled_projection,256,0.024628077995504788,0.003084866868226847,1.0,0.9994721619623634,0.05145019438815217,0,71,4.73015008384468,1.9720384695982849,0.0,28,14,3,0.7122575800167397
127216,matching,assignment_shuffled,sgd,0.003,exact,256,1.0716947365427896,1.0500517953641229,1.0,1.0000000000000002,0.0,0,0,1.9441961366759692,0.8248238091325902,0.5,28,14,3,0.7122671069810167
127216,matching,assignment_shuffled,sgd,0.003,broadcast,256,1.199813021916304,1.1759352244220123,1.0,0.4360141936253065,3.1378420842342107,0,0,2.0024417359526683,1.2600938968765343,0.5,28,14,3,0.7122759959893301
127216,matching,assignment_shuffled,sgd,0.003,global_projection,256,1.212159330406482,1.1959350071148407,1.0,0.7746704714063288,0.4321609069431638,0,0,2.1036407725639057,0.9806041783030638,0.5,28,14,3,0.7122851569438353
127216,matching,assignment_shuffled,sgd,0.003,subtree_projection,256,1.2001393890240708,1.1835911804559742,1.0,0.7858597162618591,0.4156533051387016,0,0,2.1201790629128894,1.0371024698921303,0.5,28,14,3,0.7122940080007538
127216,matching,assignment_shuffled,sgd,0.003,shuffled_projection,256,1.2110922517236389,1.1949926077864685,1.0,0.7774266372272438,0.4239424568243824,0,0,2.098887250923739,0.9645100491296447,0.5,28,14,3,0.7123027739580721
127216,matching,assignment_shuffled,sgd,0.01,exact,256,0.8737113362108957,0.8497664422330792,1.0,1.0,0.0,0,0,1.88849506744708,0.9291088357476698,0.5,28,14,3,0.7123114089481533
127216,matching,assignment_shuffled,sgd,0.01,broadcast,256,1.0754456970888642,1.0439354821119895,1.0,-0.07483247270411142,3.933016982041071,0,0,1.9361303814976738,1.358442997413656,0.5,28,14,3,0.712320071994327
127216,matching,assignment_shuffled,sgd,0.01,global_projection,256,0.952498133876139,0.924153685629133,1.0,0.7408505339413937,0.2289750886830321,0,0,2.0811469500789923,0.972514245940605,0.5,28,14,3,0.7123288159491494
127216,matching,assignment_shuffled,sgd,0.01,subtree_projection,256,0.9389626564454803,0.9109701954948581,1.0,0.8159809749925163,0.21470158802046077,0,0,2.1241040801524997,1.0613719246752586,0.5,28,14,3,0.7123376289382577
127216,matching,assignment_shuffled,sgd,0.01,shuffled_projection,256,0.9529007778292145,0.9247667626872442,1.0,0.7495037356242497,0.22800143377136528,0,0,2.0738001380630835,0.9555626705531197,0.5,28,14,3,0.7123462669551373
127216,matching,assignment_shuffled,sgd,0.03,exact,256,0.7918785684283256,0.7669274006140618,1.0,1.0,0.0,0,0,1.849804662782152,1.028996681457827,0.5,28,14,3,0.7123548029921949
127216,matching,assignment_shuffled,sgd,0.03,broadcast,256,0.7886301762960695,0.7630955578402583,1.0,0.5812018142407681,2.930998782808459,0,0,2.7143496043595228,1.531992789165693,0.5,28,14,3,0.712363620987162
127216,matching,assignment_shuffled,sgd,0.03,global_projection,256,0.8699014313028224,0.8412727101888695,1.0,0.522395152286753,0.3380878198857128,0,0,2.2075898991210696,0.9834778301331175,0.5,28,14,3,0.7123722080141306
127216,matching,assignment_shuffled,sgd,0.03,subtree_projection,256,0.830374982518221,0.8011932139136037,1.0,0.5614484506483615,0.23829612613940024,0,0,2.309507286380198,1.0653533333442837,0.5,28,14,3,0.7123809029581025
127216,matching,assignment_shuffled,sgd,0.03,shuffled_projection,256,0.8687377904315022,0.8402420329499941,1.0,0.5399782418678476,0.3357653155539443,0,0,2.1980212947939712,0.9687676838462218,0.5,28,14,3,0.7123913019895554
127216,matching,assignment_shuffled,adam,0.003,exact,256,0.7908662406094182,0.7713754450419813,1.0,1.0,0.0,0,0,2.021161307423133,1.1189559242708174,0.5,28,14,3,0.7124002139316872
127216,matching,assignment_shuffled,adam,0.003,broadcast,256,1.075193589319557,1.0452208558558034,1.0,0.4167216141522102,2.7950060666133054,0,0,1.9918800779879844,1.3300155124331046,0.5,28,14,3,0.7124087639385834
127216,matching,assignment_shuffled,adam,0.003,global_projection,256,0.7440268565457031,0.7303085440656787,1.0,0.6434651835983864,0.32997159378935914,0,0,2.6931108044725907,1.0052853772554635,0.5,28,14,3,0.712417250033468
127216,matching,assignment_shuffled,adam,0.003,subtree_projection,256,0.8155828942872019,0.7998358100033631,1.0,0.6272643371534441,0.35110551499237713,0,0,2.587169958430145,1.1618060902917289,0.5,28,14,3,0.7124257979448885
127216,matching,assignment_shuffled,adam,0.003,shuffled_projection,256,0.6565547599772377,0.6478912896686537,1.0,0.543801904442433,0.38147220282307526,0,0,2.8483230504605976,1.4277521308122305,0.5,28,14,3,0.7124342150054872
127216,matching,assignment_shuffled,adam,0.01,exact,256,0.519623251178728,0.5046796131672644,1.0,1.0000000000000002,0.0,0,0,2.4876432310086836,1.1909315645061653,0.5,28,14,3,0.7124426190275699
127216,matching,assignment_shuffled,adam,0.01,broadcast,256,0.7933370423582586,0.7662688282358997,1.0,0.5744794684399778,2.00889126502025,0,0,2.6310176013100817,1.4098169978753974,0.5,28,14,3,0.7124511150177568
127216,matching,assignment_shuffled,adam,0.01,global_projection,256,0.588605857198569,0.5762803757765775,1.0,0.7629308284830195,0.30458197552778987,0,0,3.038986513482269,1.5192382300679574,0.5,28,14,3,0.7124595809727907
127216,matching,assignment_shuffled,adam,0.01,subtree_projection,256,0.5419065356151839,0.5297467088136772,1.0,0.8650259193921312,0.33789519620870184,0,0,2.8943713627387844,1.33581496432778,0.5,28,14,3,0.7124681109562516
127216,matching,assignment_shuffled,adam,0.01,shuffled_projection,256,0.5753354614202696,0.5648767641411351,1.0,0.7570152606495982,0.29921082518928693,0,43,3.4380168568721134,2.0,0.5,28,14,3,0.712476538028568
127216,matching,assignment_shuffled,adam,0.03,exact,256,0.5327174066284017,0.5165362518390035,1.0,0.9999999999999999,0.0,0,0,2.44261290751712,1.2438566713061945,0.5,28,14,3,0.712485310039483
127216,matching,assignment_shuffled,adam,0.03,broadcast,256,0.786036592297442,0.759640556746841,1.0,0.8241918830011604,4.4480977200059435,0,27,3.892535783603449,1.9966478702149901,0.5,28,14,3,0.7124937169719487
127216,matching,assignment_shuffled,adam,0.03,global_projection,256,0.5553301851569892,0.5411574950605598,1.0,0.9547275054461107,0.21815044692939523,0,16,3.707113704451133,1.9469693156013346,0.5,28,14,3,0.7125022489344701
127216,matching,assignment_shuffled,adam,0.03,subtree_projection,256,0.5281521620424874,0.5170122541726331,1.0,0.9340746475358539,0.2916141700393316,0,0,3.497212378806511,1.4421398856368808,0.5,28,14,3,0.7125107629690319
127216,matching,assignment_shuffled,adam,0.03,shuffled_projection,256,0.5720789108783986,0.5577738972981185,1.0,0.9913808902926247,0.21332474660633924,0,186,4.2322426388256105,2.0,0.5,28,14,3,0.7125196129782125
127216,matching,compatible,sgd,0.003,exact,1024,0.7201314755261828,0.6993894666553894,1.0,1.0000000000000002,0.0,0,0,1.9248054119127276,0.9597316684852155,0.0,28,14,3,2.2833542589796707
127216,matching,compatible,sgd,0.003,broadcast,1024,0.7292624544677909,0.7011929567943735,1.0,-0.4639505021661294,3.0201331308045725,0,0,2.285845312055844,1.2223078783993537,0.0,28,14,3,2.283376637962647
127216,matching,compatible,sgd,0.003,global_projection,1024,0.8778555792033191,0.8524814546316386,1.0,0.5121083689391683,0.2306636631102325,0,0,2.081452581979006,0.9639422564900196,0.0,28,14,3,2.2833926220191643
127216,matching,compatible,sgd,0.003,subtree_projection,1024,0.8885879314545269,0.8625280169960218,1.0,0.575237469514868,0.23199408050734938,0,0,2.108327461278161,1.0466346947096217,0.0,28,14,3,2.2834026960190386
127216,matching,compatible,sgd,0.003,shuffled_projection,1024,0.8813156956670241,0.8558619460302896,1.0,0.5098076518797671,0.21677583906825754,0,0,2.0806334632872905,0.9424452986651741,0.0,28,14,3,2.2834121310152113
127216,matching,compatible,sgd,0.01,exact,1024,0.15583924470029917,0.13422749736885778,1.0,1.0000000000000002,0.0,0,0,2.4005249579743224,1.019897037126374,0.0,28,14,3,2.2834226719569415
127216,matching,compatible,sgd,0.01,broadcast,1024,0.02389486808786629,0.0017242463898383177,1.0,0.7967634174025883,2.046995466097976,0,416,4.192773901772965,1.9997713469389031,0.0,28,14,3,2.2834319749381393
127216,matching,compatible,sgd,0.01,global_projection,1024,0.8087203133130917,0.7864976503672318,1.0,0.3361614860256279,0.34910193813710094,0,0,2.248685663162673,1.015487278314649,0.0,28,14,3,2.283440904924646
127216,matching,compatible,sgd,0.01,subtree_projection,1024,0.6674886157648663,0.6494902585300475,1.0,0.5550525855581447,0.39338843745255475,0,0,2.4254308209825965,1.1064193367510082,0.0,28,14,3,2.283449718961492
127216,matching,compatible,sgd,0.01,shuffled_projection,1024,0.7700435899400169,0.7485813851081367,1.0,0.4458777838713426,0.33968699129903646,0,0,2.3215326760806305,0.9928854918163686,0.0,28,14,3,2.2834606349933892
127216,matching,compatible,sgd,0.03,exact,1024,0.022265174394850422,0.0004211173853284869,1.0,0.9999999999999998,0.0,0,0,2.537913916265555,0.9709190442558432,0.0,28,14,3,2.28347207501065
127216,matching,compatible,sgd,0.03,broadcast,1024,0.023182888396102882,0.001602319816170094,1.0,0.9728948817000729,2.0684215778314043,0,215,4.205351003118043,1.9928506552180427,0.0,28,14,3,2.283482144935988
127216,matching,compatible,sgd,0.03,global_projection,1024,0.03182525573909897,0.009751763953586467,1.0,0.970696856773484,0.09398173241072236,0,60,3.6824560297194386,2.0,0.0,28,14,3,2.283491204958409
127216,matching,compatible,sgd,0.03,subtree_projection,1024,0.43125950421444514,0.416946632624138,1.0,0.08151507601624333,0.26309074806983046,0,0,2.9901192332326976,1.5243335523551331,0.0,28,14,3,2.2835003290092573
127216,matching,compatible,sgd,0.03,shuffled_projection,1024,0.060644925017698276,0.03804161185119993,1.0,0.9759246223829048,0.09774204592194097,0,239,3.72927790141739,1.9644009338141792,0.0,28,14,3,2.283509518019855
127216,matching,compatible,adam,0.003,exact,1024,0.022501468009282606,0.0006550487771227339,1.0,0.9999999999999998,0.0,0,0,2.7080260083078374,1.0565270816263121,0.0,28,14,3,2.2835187149466947
127216,matching,compatible,adam,0.003,broadcast,1024,0.3390332350685862,0.3212480457020236,1.0,0.4461955506339183,1.9290990745695629,0,32,3.7993157470297407,1.8762899372687423,0.0,28,14,3,2.2835341510362923
127216,matching,compatible,adam,0.003,global_projection,1024,0.022583443568385948,0.000845738677243742,1.0,0.9951241899445389,0.027101180637944682,0,0,3.6726130951046683,1.9696859203863413,0.0,28,14,3,2.2835429350379854
127216,matching,compatible,adam,0.003,subtree_projection,1024,0.02328828825634823,0.001844366641808802,1.0,0.9955409017957662,0.05412132771657236,0,0,3.734889407681618,1.737360676812363,0.0,28,14,3,2.2835519619984552
127216,matching,compatible,adam,0.003,shuffled_projection,1024,0.022503634805636757,0.000719917081863572,1.0,0.9952625095669804,0.056476139966106495,0,0,3.7569509967886368,1.93978064761723,0.0,28,14,3,2.2835607019951567
127216,matching,compatible,adam,0.01,exact,1024,0.023162376538289543,0.0011014319476336327,1.0,1.0,0.0,0,0,2.711285558892785,1.1296245415922221,0.0,28,14,3,2.2835693820379674
127216,matching,compatible,adam,0.01,broadcast,1024,0.023651176691541667,0.0019092734356596687,1.0,0.9779220129547385,2.2312571440363684,0,328,4.474940251679925,1.9948060901967257,0.0,28,14,3,2.2835801169276237
127216,matching,compatible,adam,0.01,global_projection,1024,0.023684961207972737,0.0016306996711934574,1.0,0.999613377882312,0.016867850589788326,0,96,4.005409022312285,1.9865575967738374,0.0,28,14,3,2.283589174039662
127216,matching,compatible,adam,0.01,subtree_projection,1024,0.024031557569849864,0.002477259378333527,1.0,0.9980729673709086,0.048019152641569654,0,0,4.011780342533964,1.8616465883572755,0.0,28,14,3,2.283597843023017
127216,matching,compatible,adam,0.01,shuffled_projection,1024,0.023899122094815355,0.0018330428348360306,1.0,0.9981921446333236,0.05739085632240687,0,72,4.1448354743443,1.9903356453906471,0.0,28,14,3,2.2836064419243485
127216,matching,compatible,adam,0.03,exact,1024,0.025974264941043053,0.004338730792173914,1.0,1.0,0.0,0,0,2.8162320220885966,1.2253319451107332,0.0,28,14,3,2.283615148975514
127216,matching,compatible,adam,0.03,broadcast,1024,0.04103805894796664,0.018962126095641574,1.0,0.9996426180951553,2.98752388403105,32,360,5.600473462931708,1.9965737526356682,0.0,28,14,3,2.283623987925239
127216,matching,compatible,adam,0.03,global_projection,1024,0.026569090473340534,0.00494002832514975,1.0,0.9993815191474463,0.011531509504597397,0,50,4.326547359203457,1.9253142219909536,0.0,28,14,3,2.283632615930401
127216,matching,compatible,adam,0.03,subtree_projection,1024,0.0406576875435347,0.01753561964888129,1.0,0.9277695609885107,0.3895700814271126,0,761,4.619664626190167,2.0,0.0,28,14,3,2.283641292946413
127216,matching,compatible,adam,0.03,shuffled_projection,1024,0.026114147450193123,0.004310047399276609,1.0,0.9983493044329231,0.04226507222093926,0,89,4.305618664854208,1.967594214935363,0.0,28,14,3,2.283650054014288
127216,matching,assignment_shuffled,sgd,0.003,exact,1024,0.8478353256680098,0.8239335593775029,1.0,1.0000000000000002,0.0,0,0,1.901526559238206,0.9568332106037645,0.5,28,14,3,2.2836591079831123
127216,matching,assignment_shuffled,sgd,0.003,broadcast,1024,1.0999543385260702,1.0676444736280275,1.0,-0.23500890486891182,4.04210930054393,0,0,2.0139254495460905,1.362023886228147,0.5,28,14,3,2.28367456397973
127216,matching,assignment_shuffled,sgd,0.003,global_projection,1024,0.9367160939468384,0.9075594168561175,1.0,0.684255536853719,0.24225283484548335,0,0,2.0936385365135854,0.9712993215959339,0.5,28,14,3,2.2836833469336852
127216,matching,assignment_shuffled,sgd,0.003,subtree_projection,1024,0.9167915945436285,0.8880034472853194,1.0,0.7788438416523731,0.2235740844755506,0,0,2.1444644040673713,1.0622030115987107,0.5,28,14,3,2.2836921099806204
127216,matching,assignment_shuffled,sgd,0.003,shuffled_projection,1024,0.9366233579762412,0.9076466907381799,1.0,0.6986518332142394,0.24105251829582516,0,0,2.085735879905047,0.9556659132474482,0.5,28,14,3,2.2837008869973943
127216,matching,assignment_shuffled,sgd,0.01,exact,1024,0.7866443525410034,0.7614362491855988,1.0,1.0,0.0,0,0,1.835265375848299,1.0373071801637677,0.5,28,14,3,2.283709740964696
127216,matching,assignment_shuffled,sgd,0.01,broadcast,1024,0.7797391002053526,0.7536419804792752,1.0,0.6845026302019253,2.8724929949018825,0,0,2.8013555688932725,1.5458299672431044,0.5,28,14,3,2.283718921011314
127216,matching,assignment_shuffled,sgd,0.01,global_projection,1024,0.8521371253105422,0.8235954525256792,1.0,0.4338474781040664,0.36277651244968667,0,0,2.2592311369266733,0.9908648342018046,0.5,28,14,3,2.2837276339996606
127216,matching,assignment_shuffled,sgd,0.01,subtree_projection,1024,0.8128991050325205,0.78350218738153,1.0,0.605104225222764,0.22235325033224118,0,0,2.365009117213678,1.1072081727402336,0.5,28,14,3,2.283740315004252
127216,matching,assignment_shuffled,sgd,0.01,shuffled_projection,1024,0.8515048600548661,0.8231734010021365,1.0,0.44022353841125095,0.3591608143118512,0,0,2.2459517213770153,0.9770964165025039,0.5,28,14,3,2.283749455003999
127216,matching,assignment_shuffled,sgd,0.03,exact,1024,0.7794415479029004,0.7533197462625771,1.0,1.0,0.0,0,0,1.7848317813736079,1.049395804557589,0.5,28,14,3,2.2837580610066652
127216,matching,assignment_shuffled,sgd,0.03,broadcast,1024,0.7828737550429457,0.7564678241771252,1.0,0.7467459643351388,3.1779778207438585,0,0,2.9308280503332274,1.5867155411072122,0.5,28,14,3,2.2837666099658236
127216,matching,assignment_shuffled,sgd,0.03,global_projection,1024,0.7879071689331608,0.7595040115991916,1.0,0.6922262776503408,0.27900660291601387,0,0,2.410021898384848,1.1241521694944039,0.5,28,14,3,2.283775227959268
127216,matching,assignment_shuffled,sgd,0.03,subtree_projection,1024,0.7792257069096751,0.7502664034888927,1.0,0.9154587578917989,0.1463617980188271,0,0,2.485623725533538,1.1578877982299867,0.5,28,14,3,2.283783821039833
127216,matching,assignment_shuffled,sgd,0.03,shuffled_projection,1024,0.7890774453171885,0.7610532209143801,1.0,0.7100442507083544,0.27370731051551933,0,0,2.3945135858212807,1.068692318513416,0.5,28,14,3,2.2837923449696973
127216,matching,assignment_shuffled,adam,0.003,exact,1024,0.5210742003762245,0.510739941120125,1.0,1.0,0.0,0,0,2.5025979442033526,1.137223295463204,0.5,28,14,3,2.2838009300176054
127216,matching,assignment_shuffled,adam,0.003,broadcast,1024,0.7833143330477352,0.7566445126225348,1.0,0.7743741122748039,1.6045250246572131,0,0,2.521495074421298,1.3578688795723877,0.5,28,14,3,2.2838093820028007
127216,matching,assignment_shuffled,adam,0.003,global_projection,1024,0.5549524602971116,0.543517448567834,1.0,0.8056560019943667,0.3530728444632983,0,0,2.9434814905966675,1.6777301535418554,0.5,28,14,3,2.283817830029875
127216,matching,assignment_shuffled,adam,0.003,subtree_projection,1024,0.5234710307096104,0.5131094039398474,1.0,0.8654372913601038,0.39351225091959263,0,0,2.8269467164355917,1.3948216265121636,0.5,28,14,3,2.283826367929578
127216,matching,assignment_shuffled,adam,0.003,shuffled_projection,1024,0.5672369693029224,0.5582848464740793,1.0,0.822630192074942,0.3539602931006654,0,156,3.3777498480363333,2.0,0.5,28,14,3,2.283835064037703
127216,matching,assignment_shuffled,adam,0.01,exact,1024,0.525813796335632,0.5142225395847597,1.0,1.0,0.0,0,0,2.5006907427770626,1.206445104682198,0.5,28,14,3,2.2838435010053217
127216,matching,assignment_shuffled,adam,0.01,broadcast,1024,0.7889112688101585,0.7616456726507866,1.0,0.7156912446459036,2.511991304576026,0,0,3.058592663152734,1.5484418374010136,0.5,28,14,3,2.2838518419303
127216,matching,assignment_shuffled,adam,0.01,global_projection,1024,0.52976279783602,0.5210037559159602,1.0,0.8235147562694137,0.3088793864583451,0,0,3.3387840771751773,1.966219497533339,0.5,28,14,3,2.283860274939798
127216,matching,assignment_shuffled,adam,0.01,subtree_projection,1024,0.519978523733416,0.5097482333775001,1.0,0.8243555445159293,0.32285097895662523,0,0,3.0555949974978946,1.5791618926391557,0.5,28,14,3,2.28386926301755
127216,matching,assignment_shuffled,adam,0.01,shuffled_projection,1024,0.5534741814322983,0.5401480855066212,1.0,0.9783781886249331,0.3003054353094468,0,811,3.8240101043188788,2.0,0.5,28,14,3,2.2838778760051355
127216,matching,assignment_shuffled,adam,0.03,exact,1024,0.5281024384204793,0.5160304794298044,1.0,1.0000000000000002,0.0,0,0,2.6575761083445046,1.3902758437654037,0.5,28,14,3,2.2838864310178906
127216,matching,assignment_shuffled,adam,0.03,broadcast,1024,0.8937608425610291,0.8849875735541981,1.0,0.9991490352334673,4.423033916857866,105,435,5.27212440611998,2.0,0.5,28,14,3,2.2838970279553905
127216,matching,assignment_shuffled,adam,0.03,global_projection,1024,0.5428215295255354,0.5335482148981903,1.0,0.9781171998602983,0.20287030502385192,0,264,4.387625680525524,2.0,0.5,28,14,3,2.2839069250039756
127216,matching,assignment_shuffled,adam,0.03,subtree_projection,1024,0.530119311146328,0.5198067047594768,1.0,0.9224204947942259,0.22523952425733773,0,0,4.435656012070168,1.919673750090768,0.5,28,14,3,2.283915529958904
127216,matching,assignment_shuffled,adam,0.03,shuffled_projection,1024,0.5745898452322635,0.558845655069285,1.0,0.8380816459248026,0.4982251510165919,0,882,3.8586759264556587,2.0,0.5,28,14,3,2.2839240659959614
127216,quartet,compatible,sgd,0.003,exact,0,1.1313668144601596,1.0798728081476288,0.5,0.9999999999999998,0.0,0,0,2.2093819237982784,1.0989678347692209,0.0,28,14,3,0.03616219502873719
127216,quartet,compatible,sgd,0.003,broadcast,0,1.1313668144601596,1.0798728081476288,0.5,0.0009518637567317219,5.063779735569637,0,0,2.2093819237982784,1.0989678347692209,0.0,28,14,3,0.03617974498774856
127216,quartet,compatible,sgd,0.003,global_projection,0,1.1313668144601596,1.0798728081476288,0.5,0.7516993397446728,0.18806251578562697,0,0,2.2093819237982784,1.0989678347692209,0.0,28,14,3,0.036191445076838136
127216,quartet,compatible,sgd,0.003,subtree_projection,0,1.1313668144601596,1.0798728081476288,0.5,0.9247918957624838,0.08192613928944692,0,0,2.2093819237982784,1.0989678347692209,0.0,28,14,3,0.03620172501541674
127216,quartet,compatible,sgd,0.003,shuffled_projection,0,1.1313668144601596,1.0798728081476288,0.5,0.8072985305242619,0.17246756834691224,0,0,2.2093819237982784,1.0989678347692209,0.0,28,14,3,0.03621166408993304
127216,quartet,compatible,sgd,0.01,exact,0,1.1313668144601596,1.0798728081476288,0.5,0.9999999999999998,0.0,0,0,2.2093819237982784,1.0989678347692209,0.0,28,14,3,0.03622119303327054
127216,quartet,compatible,sgd,0.01,broadcast,0,1.1313668144601596,1.0798728081476288,0.5,0.0009518637567317219,5.063779735569637,0,0,2.2093819237982784,1.0989678347692209,0.0,28,14,3,0.036230122088454664
127216,quartet,compatible,sgd,0.01,global_projection,0,1.1313668144601596,1.0798728081476288,0.5,0.7516993397446728,0.18806251578562697,0,0,2.2093819237982784,1.0989678347692209,0.0,28,14,3,0.03623872704338282
127216,quartet,compatible,sgd,0.01,subtree_projection,0,1.1313668144601596,1.0798728081476288,0.5,0.9247918957624838,0.08192613928944692,0,0,2.2093819237982784,1.0989678347692209,0.0,28,14,3,0.0362474680878222
127216,quartet,compatible,sgd,0.01,shuffled_projection,0,1.1313668144601596,1.0798728081476288,0.5,0.8072985305242619,0.17246756834691224,0,0,2.2093819237982784,1.0989678347692209,0.0,28,14,3,0.03625689400359988
127216,quartet,compatible,sgd,0.03,exact,0,1.1313668144601596,1.0798728081476288,0.5,0.9999999999999998,0.0,0,0,2.2093819237982784,1.0989678347692209,0.0,28,14,3,0.03626639407593757
127216,quartet,compatible,sgd,0.03,broadcast,0,1.1313668144601596,1.0798728081476288,0.5,0.0009518637567317219,5.063779735569637,0,0,2.2093819237982784,1.0989678347692209,0.0,28,14,3,0.03628789505455643
127216,quartet,compatible,sgd,0.03,global_projection,0,1.1313668144601596,1.0798728081476288,0.5,0.7516993397446728,0.18806251578562697,0,0,2.2093819237982784,1.0989678347692209,0.0,28,14,3,0.03629680001176894
127216,quartet,compatible,sgd,0.03,subtree_projection,0,1.1313668144601596,1.0798728081476288,0.5,0.9247918957624838,0.08192613928944692,0,0,2.2093819237982784,1.0989678347692209,0.0,28,14,3,0.03630560205783695
127216,quartet,compatible,sgd,0.03,shuffled_projection,0,1.1313668144601596,1.0798728081476288,0.5,0.8072985305242619,0.17246756834691224,0,0,2.2093819237982784,1.0989678347692209,0.0,28,14,3,0.03631441202014685
127216,quartet,compatible,adam,0.003,exact,0,1.1313668144601596,1.0798728081476288,0.5,0.9999999999999998,0.0,0,0,2.2093819237982784,1.0989678347692209,0.0,28,14,3,0.036323078093118966
127216,quartet,compatible,adam,0.003,broadcast,0,1.1313668144601596,1.0798728081476288,0.5,0.0009518637567317219,5.063779735569637,0,0,2.2093819237982784,1.0989678347692209,0.0,28,14,3,0.036331790033727884
127216,quartet,compatible,adam,0.003,global_projection,0,1.1313668144601596,1.0798728081476288,0.5,0.7516993397446728,0.18806251578562697,0,0,2.2093819237982784,1.0989678347692209,0.0,28,14,3,0.036340655060485005
127216,quartet,compatible,adam,0.003,subtree_projection,0,1.1313668144601596,1.0798728081476288,0.5,0.9247918957624838,0.08192613928944692,0,0,2.2093819237982784,1.0989678347692209,0.0,28,14,3,0.03634924709331244
127216,quartet,compatible,adam,0.003,shuffled_projection,0,1.1313668144601596,1.0798728081476288,0.5,0.8072985305242619,0.17246756834691224,0,0,2.2093819237982784,1.0989678347692209,0.0,28,14,3,0.03635789605323225
127216,quartet,compatible,adam,0.01,exact,0,1.1313668144601596,1.0798728081476288,0.5,0.9999999999999998,0.0,0,0,2.2093819237982784,1.0989678347692209,0.0,28,14,3,0.036366422078572214
127216,quartet,compatible,adam,0.01,broadcast,0,1.1313668144601596,1.0798728081476288,0.5,0.0009518637567317219,5.063779735569637,0,0,2.2093819237982784,1.0989678347692209,0.0,28,14,3,0.03637571108993143
127216,quartet,compatible,adam,0.01,global_projection,0,1.1313668144601596,1.0798728081476288,0.5,0.7516993397446728,0.18806251578562697,0,0,2.2093819237982784,1.0989678347692209,0.0,28,14,3,0.036384428036399186
127216,quartet,compatible,adam,0.01,subtree_projection,0,1.1313668144601596,1.0798728081476288,0.5,0.9247918957624838,0.08192613928944692,0,0,2.2093819237982784,1.0989678347692209,0.0,28,14,3,0.036393075017258525
127216,quartet,compatible,adam,0.01,shuffled_projection,0,1.1313668144601596,1.0798728081476288,0.5,0.8072985305242619,0.17246756834691224,0,0,2.2093819237982784,1.0989678347692209,0.0,28,14,3,0.03640163107775152
127216,quartet,compatible,adam,0.03,exact,0,1.1313668144601596,1.0798728081476288,0.5,0.9999999999999998,0.0,0,0,2.2093819237982784,1.0989678347692209,0.0,28,14,3,0.03641043906100094
127216,quartet,compatible,adam,0.03,broadcast,0,1.1313668144601596,1.0798728081476288,0.5,0.0009518637567317219,5.063779735569637,0,0,2.2093819237982784,1.0989678347692209,0.0,28,14,3,0.0364190130494535
127216,quartet,compatible,adam,0.03,global_projection,0,1.1313668144601596,1.0798728081476288,0.5,0.7516993397446728,0.18806251578562697,0,0,2.2093819237982784,1.0989678347692209,0.0,28,14,3,0.03642741707153618
127216,quartet,compatible,adam,0.03,subtree_projection,0,1.1313668144601596,1.0798728081476288,0.5,0.9247918957624838,0.08192613928944692,0,0,2.2093819237982784,1.0989678347692209,0.0,28,14,3,0.03643582307267934
127216,quartet,compatible,adam,0.03,shuffled_projection,0,1.1313668144601596,1.0798728081476288,0.5,0.8072985305242619,0.17246756834691224,0,0,2.2093819237982784,1.0989678347692209,0.0,28,14,3,0.03644656599499285
127216,quartet,assignment_shuffled,sgd,0.003,exact,0,1.0954112696674967,1.0615003495890432,0.5,1.0000000000000002,0.0,0,0,2.2093819237982784,1.0989678347692209,0.5,28,14,3,0.036455315072089434
127216,quartet,assignment_shuffled,sgd,0.003,broadcast,0,1.0954112696674967,1.0615003495890432,0.5,-0.20365795136531786,5.0637797355696375,0,0,2.2093819237982784,1.0989678347692209,0.5,28,14,3,0.0364640160696581
127216,quartet,assignment_shuffled,sgd,0.003,global_projection,0,1.0954112696674967,1.0615003495890432,0.5,0.7190063996384767,0.18806251578562697,0,0,2.2093819237982784,1.0989678347692209,0.5,28,14,3,0.03647269506473094
127216,quartet,assignment_shuffled,sgd,0.003,subtree_projection,0,1.0954112696674967,1.0615003495890432,0.5,0.9209886976195887,0.0819261392894469,0,0,2.2093819237982784,1.0989678347692209,0.5,28,14,3,0.03648154705297202
127216,quartet,assignment_shuffled,sgd,0.003,shuffled_projection,0,1.0954112696674967,1.0615003495890432,0.5,0.7746481819002136,0.17246756834691226,0,0,2.2093819237982784,1.0989678347692209,0.5,28,14,3,0.03649017808493227
127216,quartet,assignment_shuffled,sgd,0.01,exact,0,1.0954112696674967,1.0615003495890432,0.5,1.0000000000000002,0.0,0,0,2.2093819237982784,1.0989678347692209,0.5,28,14,3,0.03649883100297302
127216,quartet,assignment_shuffled,sgd,0.01,broadcast,0,1.0954112696674967,1.0615003495890432,0.5,-0.20365795136531786,5.0637797355696375,0,0,2.2093819237982784,1.0989678347692209,0.5,28,14,3,0.03650746098719537
127216,quartet,assignment_shuffled,sgd,0.01,global_projection,0,1.0954112696674967,1.0615003495890432,0.5,0.7190063996384767,0.18806251578562697,0,0,2.2093819237982784,1.0989678347692209,0.5,28,14,3,0.03651603206526488
127216,quartet,assignment_shuffled,sgd,0.01,subtree_projection,0,1.0954112696674967,1.0615003495890432,0.5,0.9209886976195887,0.0819261392894469,0,0,2.2093819237982784,1.0989678347692209,0.5,28,14,3,0.036524477996863425
127216,quartet,assignment_shuffled,sgd,0.01,shuffled_projection,0,1.0954112696674967,1.0615003495890432,0.5,0.7746481819002136,0.17246756834691226,0,0,2.2093819237982784,1.0989678347692209,0.5,28,14,3,0.036532944068312645
127216,quartet,assignment_shuffled,sgd,0.03,exact,0,1.0954112696674967,1.0615003495890432,0.5,1.0000000000000002,0.0,0,0,2.2093819237982784,1.0989678347692209,0.5,28,14,3,0.03654145903419703
127216,quartet,assignment_shuffled,sgd,0.03,broadcast,0,1.0954112696674967,1.0615003495890432,0.5,-0.20365795136531786,5.0637797355696375,0,0,2.2093819237982784,1.0989678347692209,0.5,28,14,3,0.03655002301093191
127216,quartet,assignment_shuffled,sgd,0.03,global_projection,0,1.0954112696674967,1.0615003495890432,0.5,0.7190063996384767,0.18806251578562697,0,0,2.2093819237982784,1.0989678347692209,0.5,28,14,3,0.03655844402965158
127216,quartet,assignment_shuffled,sgd,0.03,subtree_projection,0,1.0954112696674967,1.0615003495890432,0.5,0.9209886976195887,0.0819261392894469,0,0,2.2093819237982784,1.0989678347692209,0.5,28,14,3,0.03656683210283518
127216,quartet,assignment_shuffled,sgd,0.03,shuffled_projection,0,1.0954112696674967,1.0615003495890432,0.5,0.7746481819002136,0.17246756834691226,0,0,2.2093819237982784,1.0989678347692209,0.5,28,14,3,0.03657537908293307
127216,quartet,assignment_shuffled,adam,0.003,exact,0,1.0954112696674967,1.0615003495890432,0.5,1.0000000000000002,0.0,0,0,2.2093819237982784,1.0989678347692209,0.5,28,14,3,0.0365837860153988
127216,quartet,assignment_shuffled,adam,0.003,broadcast,0,1.0954112696674967,1.0615003495890432,0.5,-0.20365795136531786,5.0637797355696375,0,0,2.2093819237982784,1.0989678347692209,0.5,28,14,3,0.03659230703487992
127216,quartet,assignment_shuffled,adam,0.003,global_projection,0,1.0954112696674967,1.0615003495890432,0.5,0.7190063996384767,0.18806251578562697,0,0,2.2093819237982784,1.0989678347692209,0.5,28,14,3,0.03660330199636519
127216,quartet,assignment_shuffled,adam,0.003,subtree_projection,0,1.0954112696674967,1.0615003495890432,0.5,0.9209886976195887,0.0819261392894469,0,0,2.2093819237982784,1.0989678347692209,0.5,28,14,3,0.036611788091249764
127216,quartet,assignment_shuffled,adam,0.003,shuffled_projection,0,1.0954112696674967,1.0615003495890432,0.5,0.7746481819002136,0.17246756834691226,0,0,2.2093819237982784,1.0989678347692209,0.5,28,14,3,0.03662028908729553
127216,quartet,assignment_shuffled,adam,0.01,exact,0,1.0954112696674967,1.0615003495890432,0.5,1.0000000000000002,0.0,0,0,2.2093819237982784,1.0989678347692209,0.5,28,14,3,0.03662887203972787
127216,quartet,assignment_shuffled,adam,0.01,broadcast,0,1.0954112696674967,1.0615003495890432,0.5,-0.20365795136531786,5.0637797355696375,0,0,2.2093819237982784,1.0989678347692209,0.5,28,14,3,0.036637266050092876
127216,quartet,assignment_shuffled,adam,0.01,global_projection,0,1.0954112696674967,1.0615003495890432,0.5,0.7190063996384767,0.18806251578562697,0,0,2.2093819237982784,1.0989678347692209,0.5,28,14,3,0.0366457219934091
127216,quartet,assignment_shuffled,adam,0.01,subtree_projection,0,1.0954112696674967,1.0615003495890432,0.5,0.9209886976195887,0.0819261392894469,0,0,2.2093819237982784,1.0989678347692209,0.5,28,14,3,0.03665433207061142
127216,quartet,assignment_shuffled,adam,0.01,shuffled_projection,0,1.0954112696674967,1.0615003495890432,0.5,0.7746481819002136,0.17246756834691226,0,0,2.2093819237982784,1.0989678347692209,0.5,28,14,3,0.03666284598875791
127216,quartet,assignment_shuffled,adam,0.03,exact,0,1.0954112696674967,1.0615003495890432,0.5,1.0000000000000002,0.0,0,0,2.2093819237982784,1.0989678347692209,0.5,28,14,3,0.03667128109373152
127216,quartet,assignment_shuffled,adam,0.03,broadcast,0,1.0954112696674967,1.0615003495890432,0.5,-0.20365795136531786,5.0637797355696375,0,0,2.2093819237982784,1.0989678347692209,0.5,28,14,3,0.03667969105299562
127216,quartet,assignment_shuffled,adam,0.03,global_projection,0,1.0954112696674967,1.0615003495890432,0.5,0.7190063996384767,0.18806251578562697,0,0,2.2093819237982784,1.0989678347692209,0.5,28,14,3,0.036688061081804335
127216,quartet,assignment_shuffled,adam,0.03,subtree_projection,0,1.0954112696674967,1.0615003495890432,0.5,0.9209886976195887,0.0819261392894469,0,0,2.2093819237982784,1.0989678347692209,0.5,28,14,3,0.03669669106602669
127216,quartet,assignment_shuffled,adam,0.03,shuffled_projection,0,1.0954112696674967,1.0615003495890432,0.5,0.7746481819002136,0.17246756834691226,0,0,2.2093819237982784,1.0989678347692209,0.5,28,14,3,0.036705294041894376
127216,quartet,compatible,sgd,0.003,exact,1,1.1304787546670094,1.0790486878207526,0.5,1.0000000000000002,0.0,0,0,2.2087521220280975,1.0987909376656888,0.0,28,14,3,0.07591984001919627
127216,quartet,compatible,sgd,0.003,broadcast,1,1.131309571238603,1.0798129472559537,0.5,-0.007951316308161469,5.068745484810359,0,0,2.2094543783845713,1.1007817185395696,0.0,28,14,3,0.0759371870663017
127216,quartet,compatible,sgd,0.003,global_projection,1,1.1309496120624343,1.0794826728631195,0.5,0.7524905621251021,0.18731973545127958,0,0,2.209198486465165,1.0989750219136019,0.0,28,14,3,0.075948346988298
127216,quartet,compatible,sgd,0.003,subtree_projection,1,1.130698174939034,1.0792536037243186,0.5,0.9248762723688688,0.08162025295663883,0,0,2.2088961355217447,1.0986715835268437,0.0,28,14,3,0.07595875207334757
127216,quartet,compatible,sgd,0.003,shuffled_projection,1,1.1309128198400933,1.0794496786826586,0.5,0.8080505752624907,0.1717517103048184,0,0,2.2092614686550145,1.0990692321428448,0.0,28,14,3,0.07596840709447861
127216,quartet,compatible,sgd,0.01,exact,1,1.1284365223060377,1.0771551696522375,0.5,1.0,0.0,0,0,2.2072869908599975,1.098378177757447,0.0,28,14,3,0.07598683307878673
127216,quartet,compatible,sgd,0.01,broadcast,1,1.1312072879566828,1.0797047843224927,0.5,-0.02818125410470363,5.08022241749763,0,0,2.2096584209141934,1.1050141140037164,0.0,28,14,3,0.07599593908526003
127216,quartet,compatible,sgd,0.01,global_projection,1,1.1299824564227843,1.0785787077106335,0.5,0.7543553313687692,0.18558960102262445,0,0,2.2087727953184944,1.0989917919171572,0.0,28,14,3,0.07600481808185577
127216,quartet,compatible,sgd,0.01,subtree_projection,1,1.1291555301436356,1.0778260418937986,0.5,0.9250803966394134,0.08090804640364968,0,0,2.2077658841395524,1.0979803306279634,0.0,28,14,3,0.07601377402897924
127216,quartet,compatible,sgd,0.01,shuffled_projection,1,1.1298607135583656,1.0784695900389103,0.5,0.8098193328828291,0.1700846848769321,0,0,2.2089829152882574,1.0993058260146336,0.0,28,14,3,0.07602263009175658
127216,quartet,compatible,sgd,0.03,exact,1,1.1228283009046063,1.071968171693657,0.5,1.0,0.0,0,0,2.2031349898628827,1.0971988637338994,0.0,28,14,3,0.07603158999700099
127216,quartet,compatible,sgd,0.03,broadcast,1,1.1311467404254518,1.0796297299519426,0.5,-0.08133280386377702,5.112160000970961,0,0,2.210511137075896,1.1171066724727077,0.0,28,14,3,0.07604015909601003
127216,quartet,compatible,sgd,0.03,global_projection,1,1.1272679212472674,1.0760449769419465,0.5,0.7598299575364255,0.1806705781017477,0,0,2.207574518544833,1.09903970621303,0.0,28,14,3,0.07604876800905913
127216,quartet,compatible,sgd,0.03,subtree_projection,1,1.124881443177172,1.073878718456664,0.5,0.9257245780035223,0.07888532354556722,0,0,2.204561756393188,1.0960053223454482,0.0,28,14,3,0.0760575260501355
127216,quartet,compatible,sgd,0.03,shuffled_projection,1,1.1269103511599186,1.0757249808521012,0.5,0.8149823321643134,0.16534820446758186,0,0,2.2082064112291477,1.099981808505459,0.0,28,14,3,0.07606625102926046
127216,quartet,compatible,adam,0.003,exact,1,1.1265501648820613,1.0756087972876047,0.5,1.0,0.0,0,0,2.2016188487617847,1.0959678352779911,0.0,28,14,3,0.07607496704440564
127216,quartet,compatible,adam,0.003,broadcast,1,1.1294646694783823,1.0781189919085894,0.5,-0.012155843432667934,5.081750918110271,0,0,2.20899271112542,1.1019678347196036,0.0,28,14,3,0.07608346501365304
127216,quartet,compatible,adam,0.003,global_projection,1,1.130598166790529,1.0791723712444996,0.5,0.7551773877785894,0.18542339732801177,0,0,2.2111090522876546,1.1019678222469145,0.0,28,14,3,0.07609258801676333
127216,quartet,compatible,adam,0.003,subtree_projection,1,1.126729962055852,1.0757887807410547,0.5,0.9262849454441268,0.07952118478826348,0,0,2.204408970195599,1.0981162983623531,0.0,28,14,3,0.07610121800098568
127216,quartet,compatible,adam,0.003,shuffled_projection,1,1.1286798311452395,1.0774850897199486,0.5,0.8115934333175923,0.16835792663848684,0,0,2.2082966049761255,1.1019678338816241,0.0,28,14,3,0.076109963003546
127216,quartet,compatible,adam,0.01,exact,1,1.1166123486708401,1.066912658759636,0.5,1.0000000000000002,0.0,0,0,2.1838464648997724,1.0889678364651216,0.0,28,14,3,0.0761185580631718
127216,quartet,compatible,adam,0.01,broadcast,1,1.1252685613139786,1.074277726244009,0.5,-0.03978312522953569,5.123399548147864,0,0,2.2085280603778976,1.1089678346038299,0.0,28,14,3,0.07612715009599924
127216,quartet,compatible,adam,0.01,global_projection,1,1.1289985224479713,1.0777414923673245,0.5,0.7647611191499197,0.1792373925957257,0,0,2.2155761390731383,1.1089677930281994,0.0,28,14,3,0.07613584806676954
127216,quartet,compatible,adam,0.01,subtree_projection,1,1.1171469977696193,1.0674578619431514,0.5,0.9305051901785707,0.07413218417309086,0,0,2.1932084316356337,1.1051162941368782,0.0,28,14,3,0.07614688901230693
127216,quartet,compatible,adam,0.01,shuffled_projection,1,1.1228317355266286,1.0723436121374255,0.5,0.8231919928714017,0.15892910842767022,0,0,2.2062063626126807,1.1089678318105654,0.0,28,14,3,0.07615590002387762
127216,quartet,compatible,adam,0.03,exact,1,1.0969277178215702,1.0504453752182585,0.5,1.0,0.0,0,0,2.135794735123531,1.0689678398569233,0.0,28,14,3,0.07616477401461452
127216,quartet,compatible,adam,0.03,broadcast,1,1.115089419580231,1.065176185659756,0.5,-0.08752022539329185,5.240363634317352,0,0,2.2106224477858785,1.128967834273048,0.0,28,14,3,0.07617350702639669
127216,quartet,compatible,adam,0.03,global_projection,1,1.1260035449199262,1.0753069007930045,0.5,0.8025146540015606,0.1614157877506461,0,0,2.231679981692073,1.1289677095461566,0.0,28,14,3,0.07618216599803418
127216,quartet,compatible,adam,0.03,subtree_projection,1,1.098143096983667,1.0517546593253093,0.5,0.9491259861033795,0.060388923079221245,0,0,2.164382747795159,1.1251162820640925,0.0,28,14,3,0.07619076606351882
127216,quartet,compatible,adam,0.03,shuffled_projection,1,1.109271535466973,1.0608507098760964,0.5,0.8668150851237686,0.1333307018390673,0,0,2.2036566265855058,1.128967825893254,0.0,28,14,3,0.0761991940671578
127216,quartet,assignment_shuffled,sgd,0.003,exact,1,1.0951386697307646,1.0612315429530037,0.5,1.0,0.0,0,0,2.2091043676794047,1.098905167739928,0.5,28,14,3,0.076208092039451
127216,quartet,assignment_shuffled,sgd,0.003,broadcast,1,1.095068156948062,1.0611418557392103,0.5,-0.20795017854298026,5.068619593765744,0,0,2.2085678265205164,1.0992844059851448,0.5,28,14,3,0.07621660409495234
127216,quartet,assignment_shuffled,sgd,0.003,global_projection,1,1.095234637144869,1.061325237998856,0.5,0.7193972885862285,0.18767137604378845,0,0,2.2093021952419094,1.098937300125551,0.5,28,14,3,0.07622497307602316
127216,quartet,assignment_shuffled,sgd,0.003,subtree_projection,1,1.095180197405407,1.0612712192754947,0.5,0.920907801101306,0.08181051429208697,0,0,2.2091561446363985,1.0988727435322165,0.5,28,14,3,0.0762339330976829
127216,quartet,assignment_shuffled,sgd,0.003,shuffled_projection,1,1.0952390245728916,1.0613303547215365,0.5,0.7751881625836194,0.1720865706657038,0,0,2.209297701965725,1.098955730389768,0.5,28,14,3,0.07624270603992045
127216,quartet,assignment_shuffled,sgd,0.01,exact,1,1.094511878470715,1.060613559896648,0.5,1.0000000000000002,0.0,0,0,2.208458455223422,1.0987589446715778,0.5,28,14,3,0.07625144103076309
127216,quartet,assignment_shuffled,sgd,0.01,broadcast,1,1.0942822973141586,1.0603203798717606,0.5,-0.21784222517400528,5.079888468009027,0,0,2.2066780093833525,1.1000230721556339,0.5,28,14,3,0.07625987706705928
127216,quartet,assignment_shuffled,sgd,0.01,global_projection,1,1.0948266189034275,1.0609207483433805,0.5,0.7203324094781226,0.1867603602991751,0,0,2.2091174186276703,1.0988660526236547,0.5,28,14,3,0.076268365024589
127216,quartet,assignment_shuffled,sgd,0.01,subtree_projection,1,1.0946479793596482,1.0607434944230403,0.5,0.9207211486085722,0.08154194141444819,0,0,2.2086308196734143,1.0986508639792063,0.5,28,14,3,0.07627677998971194
127216,quartet,assignment_shuffled,sgd,0.01,shuffled_projection,1,1.0948410642440027,1.0609376295945436,0.5,0.7764651379484923,0.17119939013100663,0,0,2.209102481282166,1.0989274868377108,0.5,28,14,3,0.07628525106702
127216,quartet,assignment_shuffled,sgd,0.03,exact,1,1.092791947062874,1.0589184734716528,0.5,0.9999999999999999,0.0,0,0,2.2066262645644157,1.0983411644762915,0.5,28,14,3,0.07629376405384392
127216,quartet,assignment_shuffled,sgd,0.03,broadcast,1,1.092147613171195,1.0580860597289705,0.5,-0.24508180462162713,5.111896490852344,0,0,2.2013539688272314,1.1021335469284597,0.5,28,14,3,0.0763038391014561
127216,quartet,assignment_shuffled,sgd,0.03,global_projection,1,1.0936927473529456,1.059796801187812,0.5,0.7231852962683968,0.18417040729416942,0,0,2.2085991833190746,1.098662488332522,0.5,28,14,3,0.07631261309143156
127216,quartet,assignment_shuffled,sgd,0.03,subtree_projection,1,1.0931806253221317,1.0592886908152064,0.5,0.920206055688661,0.08078408204887036,0,0,2.207141420984875,1.0980169223991771,0.5,28,14,3,0.07632099103648216
127216,quartet,assignment_shuffled,sgd,0.03,shuffled_projection,1,1.093734590620684,1.0598459928921702,0.5,0.780244179230687,0.16867885390788878,0,0,2.208554716524917,1.0988467909746908,0.5,28,14,3,0.07632949308026582
127216,quartet,assignment_shuffled,adam,0.003,exact,1,1.0924307039052787,1.0585492838866055,0.5,1.0000000000000002,0.0,0,0,2.205930491840292,1.0981162974473577,0.5,28,14,3,0.0763379690470174
127216,quartet,assignment_shuffled,adam,0.003,broadcast,1,1.0943454418111846,1.0604610898930515,0.5,-0.21068632917526425,5.083673727066523,0,0,2.2052711018433206,1.1019678344849246,0.5,28,14,3,0.07634634210262448
127216,quartet,assignment_shuffled,adam,0.003,global_projection,1,1.0930740024071284,1.0592496906238993,0.5,0.724615440523711,0.18487744471796955,0,0,2.2072975494698603,1.0981162979473948,0.5,28,14,3,0.07635486708022654
127216,quartet,assignment_shuffled,adam,0.003,subtree_projection,1,1.0924659975774438,1.0585983656431897,0.5,0.9218812475039527,0.08022510171941254,0,0,2.2061470188537333,1.0981162985038238,0.5,28,14,3,0.07636333408299834
127216,quartet,assignment_shuffled,adam,0.003,shuffled_projection,1,1.0935028669191027,1.0595765405383517,0.5,0.7814268431661315,0.16926954234887792,0,0,2.206085521300969,1.0981162974398522,0.5,28,14,3,0.07637194101698697
127216,quartet,assignment_shuffled,adam,0.01,exact,1,1.0864469545711373,1.0526271582468705,0.5,0.9999999999999998,0.0,0,0,2.198301915939713,1.1051162910868937,0.5,28,14,3,0.07638064806815237
127216,quartet,assignment_shuffled,adam,0.01,broadcast,1,1.0920613381163031,1.058243209241105,0.5,-0.2212873870347315,5.129447092849127,0,0,2.1960955448610684,1.108967833821567,0.5,28,14,3,0.07638925709761679
127216,quartet,assignment_shuffled,adam,0.01,global_projection,1,1.0880393224869835,1.054392252316479,0.5,0.7398322208559659,0.1775398025674739,0,0,2.2028712534263497,1.1051162927536844,0.5,28,14,3,0.07639762701001018
127216,quartet,assignment_shuffled,adam,0.01,subtree_projection,1,1.0865664109193842,1.052793108666365,0.5,0.9256091571708933,0.07633323007233622,0,0,2.1990260932948273,1.105116294608447,0.5,28,14,3,0.07640611007809639
127216,quartet,assignment_shuffled,adam,0.01,shuffled_projection,1,1.089309922507224,1.0553504926116637,0.5,0.7980780770800961,0.16196290558863063,0,0,2.198820426249535,1.1051162910618753,0.5,28,14,3,0.07641447405330837
127216,quartet,assignment_shuffled,adam,0.03,exact,1,1.0757236825734628,1.0420378390713365,0.5,1.0,0.0,0,0,2.179829566517252,1.125116272914139,0.5,28,14,3,0.07642286701593548
127216,quartet,assignment_shuffled,adam,0.03,broadcast,1,1.086984272765573,1.053385904486948,0.5,-0.20509703649303618,5.255582603472515,0,0,2.1731474746428994,1.128967831926259,0.5,28,14,3,0.07643129909411073
127216,quartet,assignment_shuffled,adam,0.03,global_projection,1,1.076825903714246,1.0435143230628992,0.5,0.8006707695412428,0.1573144819014276,0,0,2.1936244388111037,1.1251162779145114,0.5,28,14,3,0.07643971499055624
127216,quartet,assignment_shuffled,adam,0.03,subtree_projection,1,1.0761355319183452,1.042588421635148,0.5,0.9482574484539208,0.06582958724341471,0,0,2.1820197673223616,1.1251162834787993,0.5,28,14,3,0.07644816604442894
127216,quartet,assignment_shuffled,adam,0.03,shuffled_projection,1,1.0794344098222792,1.0454078433007612,0.5,0.8505577844678922,0.1422716426581178,0,0,2.1813978577162327,1.125116272839084,0.5,28,14,3,0.07645655702799559
127216,quartet,compatible,sgd,0.003,exact,16,1.1245507182541385,1.073510154169425,0.5,1.0,0.0,0,0,2.2046033420970916,1.0980679071458797,0.0,28,14,3,0.14598315709736198
127216,quartet,compatible,sgd,0.003,broadcast,16,1.1318067961207294,1.0804142634629126,0.5,-0.06487928005633456,5.110116550511501,0,0,2.2104848726027035,1.1092294740421713,0.0,28,14,3,0.14600178902037442
127216,quartet,compatible,sgd,0.003,global_projection,16,1.127639698559005,1.0763586502392632,0.5,0.7579161792314809,0.18174129694802793,0,0,2.2076104583033875,1.098791029266716,0.0,28,14,3,0.14601391600444913
127216,quartet,compatible,sgd,0.003,subtree_projection,16,1.1261467038968354,1.0750052474287908,0.5,0.9253587499480835,0.07955650293556689,0,0,2.205023071843413,1.0975002758491845,0.0,28,14,3,0.1460245770867914
127216,quartet,compatible,sgd,0.003,shuffled_projection,16,1.1273024798243516,1.0760437798450493,0.5,0.8130363699871581,0.16639648529156362,0,0,2.207746804068552,1.099279663880533,0.0,28,14,3,0.14603477204218507
127216,quartet,compatible,sgd,0.01,exact,16,1.1114642964755386,1.0613196200608854,0.5,0.9999999999999999,0.0,0,0,2.194800319034178,1.0961947391513918,0.0,28,14,3,0.1460444760741666
127216,quartet,compatible,sgd,0.01,broadcast,16,1.1360936790739746,1.0847801268420698,0.5,-0.16286084483835514,5.197660985073968,0,0,2.218238059722587,1.1351753578543633,0.0,28,14,3,0.14605410501826555
127216,quartet,compatible,sgd,0.01,global_projection,16,1.1196859726700783,1.068851419138282,0.5,0.7720689298806656,0.16777080502107078,0,0,2.203701240974064,1.0983093191571565,0.0,28,14,3,0.14606357004959136
127216,quartet,compatible,sgd,0.01,subtree_projection,16,1.115680221977819,1.0652503564731362,0.5,0.9268204174109049,0.07444887872168214,0,0,2.195774322883237,1.0949431526722573,0.0,28,14,3,0.1460731690749526
127216,quartet,compatible,sgd,0.01,shuffled_projection,16,1.118715861913115,1.0679487413706248,0.5,0.8259075756998754,0.1530711160557392,0,0,2.2041949581132734,1.0998729530211477,0.0,28,14,3,0.1460835700854659
127216,quartet,compatible,sgd,0.03,exact,16,1.0874235771133491,1.0389807177013886,0.5,1.0,0.0,0,0,2.174289109954119,1.0921127679261042,0.0,28,14,3,0.14609351404942572
127216,quartet,compatible,sgd,0.03,broadcast,16,1.1564205675532993,1.104616906001136,0.5,-0.05935623366666377,5.28268526812739,0,0,2.2773569620111975,1.223591156613701,0.0,28,14,3,0.14610295405145735
127216,quartet,compatible,sgd,0.03,global_projection,16,1.101501472964764,1.0516282527142797,0.5,0.8079832020081096,0.13361005576733476,0,0,2.19401682164323,1.0965391159221003,0.0,28,14,3,0.146112215006724
127216,quartet,compatible,sgd,0.03,subtree_projection,16,1.094618183929554,1.0455968520221464,0.5,0.9317176539323273,0.06252855576146019,0,0,2.1749071473074064,1.0950964498841647,0.0,28,14,3,0.14612148399464786
127216,quartet,compatible,sgd,0.03,shuffled_projection,16,1.0995523384824268,1.0498329834606217,0.5,0.8573534901463465,0.12104653360457203,0,0,2.1957339854472893,1.1007567999133119,0.0,28,14,3,0.14613066101446748
127216,quartet,compatible,adam,0.003,exact,16,1.0873481425969054,1.0395188516917162,0.5,1.0,0.0,0,0,2.1164751582400103,1.0666572630141844,0.0,28,14,3,0.14613986399490386
127216,quartet,compatible,adam,0.003,broadcast,16,1.1149775975877239,1.0652919321204186,0.5,-0.12842033570006164,5.329654311233007,0,0,2.1982577254742037,1.1355572223949977,0.0,28,14,3,0.14614899607840925
127216,quartet,compatible,adam,0.003,global_projection,16,1.1022506047664125,1.0518391779814396,0.5,0.7851857626057851,0.14884338885200954,0,0,2.1886104863753757,1.0783899540546447,0.0,28,14,3,0.14615805307403207
127216,quartet,compatible,adam,0.003,subtree_projection,16,1.0891060251659366,1.0413593570068054,0.5,0.9400435236933953,0.06124540641966704,0,0,2.130244020828915,1.090080942088406,0.0,28,14,3,0.14617512002587318
127216,quartet,compatible,adam,0.003,shuffled_projection,16,1.0980805457980622,1.0483888059627997,0.5,0.8412049457725198,0.12691465880136127,0,0,2.1829795152827836,1.1225575626129334,0.0,28,14,3,0.14618449308909476
127216,quartet,compatible,adam,0.01,exact,16,1.0546932629808943,1.0096382315674153,0.5,1.0,0.0,0,0,1.974660287164963,1.0116973802851492,0.0,28,14,3,0.1461937160929665
127216,quartet,compatible,adam,0.01,broadcast,16,1.0896327492156148,1.0427907949517736,0.5,-0.04243385306379697,5.726952088404524,0,0,2.217211483436958,1.22012485086798,0.0,28,14,3,0.14620290999300778
127216,quartet,compatible,adam,0.01,global_projection,16,1.0678172417154748,1.0192861763499894,0.5,0.870497166453144,0.08442780041407962,0,0,2.176681095738886,1.0235117907983093,0.0,28,14,3,0.14621209702454507
127216,quartet,compatible,adam,0.01,subtree_projection,16,1.0557125555438174,1.0108043923824237,0.5,0.9810631308482005,0.03018198821135617,0,0,2.011248777013414,1.0843779845693549,0.0,28,14,3,0.1462213050108403
127216,quartet,compatible,adam,0.01,shuffled_projection,16,1.0640181946210168,1.0163143363735991,0.5,0.912680125280291,0.06319338730946102,0,0,2.164778530826868,1.157387895597291,0.0,28,14,3,0.1462308670161292
127216,quartet,compatible,adam,0.03,exact,16,1.0467897366178684,1.0009177462338288,0.5,0.9999999999999999,0.0,0,0,1.789333417108904,0.9011297903237808,0.0,28,14,3,0.14624014403671026
127216,quartet,compatible,adam,0.03,broadcast,16,1.0550920968139055,1.0134033406256497,0.5,0.4485392379927109,5.316500165533244,0,0,2.4234926587831067,1.4012052947251483,0.0,28,14,3,0.1462493829894811
127216,quartet,compatible,adam,0.03,global_projection,16,1.047417287964746,1.0009894317966337,0.5,0.7683748223982689,0.018194018267680006,0,0,2.331746540692695,1.2009114706042079,0.0,28,14,3,0.14625862706452608
127216,quartet,compatible,adam,0.03,subtree_projection,16,1.0451721400294633,0.9994926920416539,0.5,0.9355247883223381,0.007267884565129692,0,0,1.869163068153294,1.048489574052818,0.0,28,14,3,0.14626801502890885
127216,quartet,compatible,adam,0.03,shuffled_projection,16,1.048287263072626,1.0026381092443666,0.5,0.6885617247132081,0.028444114972215797,0,0,2.3026132159443398,1.2728761062920715,0.0,28,14,3,0.14627773698884994
127216,quartet,assignment_shuffled,sgd,0.003,exact,16,1.0907802314046284,1.0567198941600595,0.5,1.0000000000000002,0.0,0,0,2.2045709997400653,1.0979819501005714,0.5,28,14,3,0.14628760109189898
127216,quartet,assignment_shuffled,sgd,0.003,broadcast,16,1.0960572207725248,1.062262530104051,0.5,-0.24931177811682373,5.1040465713952585,0,0,2.2082748643791588,1.1062922539940843,0.5,28,14,3,0.14629724400583655
127216,quartet,assignment_shuffled,sgd,0.003,global_projection,16,1.0930565686978593,1.0590725643717942,0.5,0.7252482967644848,0.18259013964938892,0,0,2.2075381766403206,1.0985922023318813,0.5,28,14,3,0.14630690903868526
127216,quartet,assignment_shuffled,sgd,0.003,subtree_projection,16,1.0919019587060212,1.0578888232113801,0.5,0.9209992524886967,0.07983181647744567,0,0,2.2050863182875076,1.0973668187792924,0.5,28,14,3,0.14631630608346313
127216,quartet,assignment_shuffled,sgd,0.003,shuffled_projection,16,1.0928508397754242,1.0588592484009807,0.5,0.7808548615976199,0.16716012210866127,0,0,2.207847404692934,1.0991549753222065,0.5,28,14,3,0.14632553607225418
127216,quartet,assignment_shuffled,sgd,0.01,exact,16,1.082106940376348,1.0476356380207186,0.5,1.0,0.0,0,0,2.1946045898840767,1.0959287667765552,0.5,28,14,3,0.14633614802733064
127216,quartet,assignment_shuffled,sgd,0.01,broadcast,16,1.09951950272046,1.0660351773826258,0.5,-0.3062594786812573,5.184839622880561,0,0,2.209367761992652,1.1248446337780336,0.5,28,14,3,0.14635144302155823
127216,quartet,assignment_shuffled,sgd,0.01,global_projection,16,1.088133680491506,1.0539283738901952,0.5,0.7399128620769263,0.1704267210254277,0,0,2.2034515947572846,1.0976913267044488,0.5,28,14,3,0.14636129909195006
127216,quartet,assignment_shuffled,sgd,0.01,subtree_projection,16,1.0850389734525856,1.0507245552371092,0.5,0.9211059052572347,0.07533670964188785,0,0,2.1958964090671924,1.0943875116966144,0.5,28,14,3,0.1463704960187897
127216,quartet,assignment_shuffled,sgd,0.01,shuffled_projection,16,1.0875249316270423,1.0532913900987184,0.5,0.7951163746829315,0.15542317886168847,0,0,2.204497403259611,1.0995070263377043,0.5,28,14,3,0.14637954102363437
127216,quartet,assignment_shuffled,sgd,0.03,exact,16,1.0670692042210117,1.0312321868803178,0.5,0.9999999999999998,0.0,0,0,2.173174152822687,1.0943291609732257,0.5,28,14,3,0.146388916997239
127216,quartet,assignment_shuffled,sgd,0.03,broadcast,16,1.1173463195402626,1.084707862267703,0.5,-0.19291294672799877,5.321361334416992,0,0,2.2398766078328176,1.1895695376765913,0.5,28,14,3,0.14639815804548562
127216,quartet,assignment_shuffled,sgd,0.03,global_projection,16,1.0773983586942293,1.0423115694963294,0.5,0.7793982649080129,0.14011578394690397,0,0,2.1932395258389006,1.0950172486550913,0.5,28,14,3,0.1464073850074783
127216,quartet,assignment_shuffled,sgd,0.03,subtree_projection,16,1.0720363109172177,1.0366135745007603,0.5,0.9219878010335751,0.06492201414939386,0,0,2.1746843024316997,1.093471786827501,0.5,28,14,3,0.1464164350181818
127216,quartet,assignment_shuffled,sgd,0.03,shuffled_projection,16,1.0760619318343165,1.0408786274853137,0.5,0.8316014274692134,0.12657434297682288,0,0,2.1964605164734348,1.1000127020334238,0.5,28,14,3,0.14642549899872392
127216,quartet,assignment_shuffled,adam,0.003,exact,16,1.0683337760785159,1.033337762249086,0.5,0.9999999999999999,0.0,0,0,2.138212194658766,1.0945843359331813,0.5,28,14,3,0.14643465098924935
127216,quartet,assignment_shuffled,adam,0.003,broadcast,16,1.0863499699959112,1.0521517379107368,0.5,-0.28315212904979337,5.319093571797928,0,0,2.196042305489499,1.126201801386802,0.5,28,14,3,0.14644379809033126
127216,quartet,assignment_shuffled,adam,0.003,global_projection,16,1.071771941849619,1.0372917960021397,0.5,0.7807780298836392,0.1480352384924872,0,0,2.1675255806318754,1.08990405472903,0.5,28,14,3,0.14645301608834416
127216,quartet,assignment_shuffled,adam,0.003,subtree_projection,16,1.068647194504669,1.033784911037201,0.5,0.9336502745158778,0.06107820330740886,0,0,2.145881046990211,1.0990587484941323,0.5,28,14,3,0.14646215608809143
127216,quartet,assignment_shuffled,adam,0.003,shuffled_projection,16,1.0738328041123193,1.0393954385840147,0.5,0.8343166231259821,0.12875957254840545,0,0,2.1902572391409936,1.108150513166396,0.5,28,14,3,0.14647131704259664
127216,quartet,assignment_shuffled,adam,0.01,exact,16,1.050036542764136,1.0110151032295005,0.5,1.0,0.0,0,0,2.0264201366164203,1.1013658128233286,0.5,28,14,3,0.1464803050039336
127216,quartet,assignment_shuffled,adam,0.01,broadcast,16,1.0751114745033155,1.0395143106461746,0.5,-0.1537686365674233,5.822670750928953,0,0,2.1985003883076737,1.1898751284804931,0.5,28,14,3,0.14648943208158016
127216,quartet,assignment_shuffled,adam,0.01,global_projection,16,1.050351901073224,1.0128349980387978,0.5,0.9357082971445977,0.08384352783187059,0,0,2.1195667497135404,1.0832426620664215,0.5,28,14,3,0.14649849000852555
127216,quartet,assignment_shuffled,adam,0.01,subtree_projection,16,1.0500127779833244,1.0111017348821272,0.5,0.96308819834587,0.03504852953131312,0,0,2.044412786311133,1.107875866397094,0.5,28,14,3,0.14650794200133532
127216,quartet,assignment_shuffled,adam,0.01,shuffled_projection,16,1.0519456418950963,1.0141446956202198,0.5,0.9446334040558629,0.06221003088252885,0,0,2.1624817780739587,1.1126925901751281,0.5,28,14,3,0.14652083604596555
127216,quartet,assignment_shuffled,adam,0.03,exact,16,1.04648704092121,1.0011363825117559,0.5,1.0000000000000002,0.0,0,0,1.9517218637142033,1.1750722545180217,0.5,28,14,3,0.14653038105461746
127216,quartet,assignment_shuffled,adam,0.03,broadcast,16,1.0452872317219877,1.0036555709572066,0.5,0.3402057679238749,6.268355090129755,0,0,2.3728232967928133,1.3425996231955775,0.5,28,14,3,0.14653966401237994
127216,quartet,assignment_shuffled,adam,0.03,global_projection,16,1.0477867495036057,1.0010344140757068,0.5,0.9976637517635383,0.013674447762483926,0,0,2.1904665180472978,1.0924709819701817,0.5,28,14,3,0.14654880203306675
127216,quartet,assignment_shuffled,adam,0.03,subtree_projection,16,1.0470048604199527,1.001320101097893,0.5,0.9820419584845114,0.014682278306181006,0,0,1.983614725474172,1.1904119883448563,0.5,28,14,3,0.14655802899505943
127216,quartet,assignment_shuffled,adam,0.03,shuffled_projection,16,1.0472957798280538,1.0018662944587786,0.5,0.9975915964200468,0.009705141130055195,0,0,2.200204315113815,1.1443335725218864,0.5,28,14,3,0.1465671310434118
127216,quartet,compatible,sgd,0.003,exact,64,1.1109323751087532,1.0607858451059706,0.5,0.9999999999999999,0.0,0,0,2.194266416385858,1.095927295787595,0.0,28,14,3,0.2810896090231836
127216,quartet,compatible,sgd,0.003,broadcast,64,1.1391474317626475,1.0873920858713575,0.5,-0.1616000297128279,5.182391636831664,0,0,2.2194392882452942,1.1397088261920174,0.0,28,14,3,0.28110808902420104
127216,quartet,compatible,sgd,0.003,global_projection,64,1.1197287158028313,1.0688750868535388,0.5,0.7725228410014409,0.16763962498409474,0,0,2.2034224904690483,1.0982553280502483,0.0,28,14,3,0.2811191010987386
127216,quartet,compatible,sgd,0.003,subtree_projection,64,1.1154666086827922,1.0650336441706951,0.5,0.9270889582607771,0.07427799713014169,0,0,2.194539670684646,1.093757926546068,0.0,28,14,3,0.28112880408298224
127216,quartet,compatible,sgd,0.003,shuffled_projection,64,1.1184392739836724,1.0676742702937074,0.5,0.8255245972712766,0.1529661649572511,0,0,2.2037538458431807,1.1001909811487838,0.0,28,14,3,0.28113806806504726
127216,quartet,compatible,sgd,0.01,exact,64,1.0845330263325752,1.036187416406925,0.5,1.0,0.0,0,0,2.1713533625460295,1.0913832779785446,0.0,28,14,3,0.2811472170287743
127216,quartet,compatible,sgd,0.01,broadcast,64,1.1606185521540655,1.1067796193189772,0.5,0.07981265428709357,5.153176230651004,0,0,2.309990084449936,1.261221590411752,0.0,28,14,3,0.2811565320007503
127216,quartet,compatible,sgd,0.01,global_projection,64,1.0994418487028683,1.0495965394936169,0.5,0.8131833870895309,0.12880940719912348,0,0,2.1921212391364246,1.0962062429677815,0.0,28,14,3,0.2811657290440053
127216,quartet,compatible,sgd,0.01,subtree_projection,64,1.0921062175385357,1.0431828479183685,0.5,0.932947643623553,0.06064031865712985,0,0,2.169259969894964,1.0895340924527164,0.0,28,14,3,0.2811744880164042
127216,quartet,compatible,sgd,0.01,shuffled_projection,64,1.0969160164576894,1.0472827510551332,0.5,0.8596119782594691,0.11697395515055581,0,0,2.193651830612585,1.10170966045752,0.0,28,14,3,0.28118340705987066
127216,quartet,compatible,sgd,0.03,exact,64,1.0591318595200199,1.0127594967581453,0.5,1.0000000000000002,0.0,0,0,2.1441384430629267,1.0884325895513551,0.0,28,14,3,0.2811927000293508
127216,quartet,compatible,sgd,0.03,broadcast,64,1.0717535884980305,1.0214959793235945,0.5,0.766567972129515,4.97161035696863,0,0,2.448845706787623,1.3824607922162278,0.0,28,14,3,0.2812014310620725
127216,quartet,compatible,sgd,0.03,global_projection,64,1.070284509149055,1.0216858257900001,0.5,0.8816480008134654,0.06675620515274194,0,0,2.173120468865827,1.0902829421210682,0.0,28,14,3,0.2812100980663672
127216,quartet,compatible,sgd,0.03,subtree_projection,64,1.0648365829400273,1.0176417551753218,0.5,0.9508108048184,0.039340495632330164,0,0,2.132654710011003,1.0869412051964626,0.0,28,14,3,0.28122698108199984
127216,quartet,compatible,sgd,0.03,shuffled_projection,64,1.068474297041103,1.0201897979251078,0.5,0.9097244269935864,0.06227657892260457,0,0,2.1784057997753403,1.101702390470252,0.0,28,14,3,0.2812358570517972
127216,quartet,compatible,adam,0.003,exact,64,1.0556258158298393,1.0091585558689786,0.5,1.0,0.0,0,0,2.000120835623979,1.0203505402311714,0.0,28,14,3,0.28124449809547514
127216,quartet,compatible,adam,0.003,broadcast,64,1.0893783816275426,1.0407433691137056,0.5,-0.0031396844211972162,5.631810139757071,0,0,2.2215987349972584,1.2369374410190217,0.0,28,14,3,0.2812532460084185
127216,quartet,compatible,adam,0.003,global_projection,64,1.072822276168226,1.021723415641065,0.5,0.8039019859008643,0.09111338481646147,0,0,2.2155561941578807,1.04474748181416,0.0,28,14,3,0.2812619390897453
127216,quartet,compatible,adam,0.003,subtree_projection,64,1.0572128191899424,1.0110914461847211,0.5,0.9552459842067276,0.0349064242348421,0,0,2.0084185604244404,1.0517404341729337,0.0,28,14,3,0.28127081401180476
127216,quartet,compatible,adam,0.003,shuffled_projection,64,1.0691504949794282,1.0187761445594699,0.5,0.8027125819410919,0.07200432905994729,0,0,2.2176865860797914,1.175279198333187,0.0,28,14,3,0.2812794240890071
127216,quartet,compatible,adam,0.01,exact,64,1.043275789313693,0.9976731396541845,0.5,1.0,0.0,0,0,1.9006547028921206,1.014947454581792,0.0,28,14,3,0.28128797106910497
127216,quartet,compatible,adam,0.01,broadcast,64,1.0482000704547592,1.0025684526252259,0.5,0.479972884842119,5.746518774183328,0,0,2.3408751769666245,1.3589540285077617,0.0,28,14,3,0.2812978820875287
127216,quartet,compatible,adam,0.01,global_projection,64,1.0709775196472622,1.0138931246538694,0.5,0.8433771829961882,0.05938252940599157,0,0,2.7157111557889313,1.3755044163077612,0.0,28,14,3,0.2813069151015952
127216,quartet,compatible,adam,0.01,subtree_projection,64,1.0453684082250008,1.0002863213671385,0.5,0.9882433068809185,0.008962178630284302,0,0,1.9214652628405233,1.06647771890915,0.0,28,14,3,0.2813157000346109
127216,quartet,compatible,adam,0.01,shuffled_projection,64,1.0884381715403457,1.0266575705080525,0.5,0.79630065616035,0.07882400822166691,0,0,2.7735824913353495,1.4293275116442692,0.0,28,14,3,0.2813246190780774
127216,quartet,compatible,adam,0.03,exact,64,1.0283467052083308,0.9842746315358122,0.5,1.0000000000000002,0.0,0,0,1.8464874996669498,0.9492331610356692,0.0,28,14,3,0.28133371809963137
127216,quartet,compatible,adam,0.03,broadcast,64,1.057424298667443,1.0099416486396198,0.5,0.4075527309434688,5.957710790463265,0,0,2.541514547741733,1.3070854742083284,0.0,28,14,3,0.2813429170055315
127216,quartet,compatible,adam,0.03,global_projection,64,0.7426153323337066,0.7061870577530122,0.5,0.8880743956271533,0.3183014223582713,0,0,3.8487344040273834,1.9677898930995907,0.0,28,14,3,0.2813518940238282
127216,quartet,compatible,adam,0.03,subtree_projection,64,0.704164161985984,0.6660974666659492,0.5,0.7843853670371662,0.4180031928603545,0,0,2.4746928603112304,1.1422577323808254,0.0,28,14,3,0.281361410045065
127216,quartet,compatible,adam,0.03,shuffled_projection,64,1.057092899414169,1.0094560075206704,0.5,0.9736461868327047,0.004595320353196424,0,0,3.215044443384754,1.565490572890006,0.0,28,14,3,0.28137029299978167
127216,quartet,assignment_shuffled,sgd,0.003,exact,64,1.0807610976432922,1.0459694792226668,0.5,0.9999999999999998,0.0,0,0,2.1930098915651395,1.095604284613647,0.5,28,14,3,0.2813797960989177
127216,quartet,assignment_shuffled,sgd,0.003,broadcast,64,1.1045178348269227,1.0712751636713516,0.5,-0.29809949855655987,5.182694486049712,0,0,2.21692228045683,1.1334106744281645,0.5,28,14,3,0.28139090701006353
127216,quartet,assignment_shuffled,sgd,0.003,global_projection,64,1.0874521901994223,1.0529616762488014,0.5,0.7382099230908521,0.16865648277972412,0,0,2.202404026102031,1.0976131260117852,0.5,28,14,3,0.28139957902021706
127216,quartet,assignment_shuffled,sgd,0.003,subtree_projection,64,1.0841457704283677,1.0495451681016386,0.5,0.921123408635787,0.07447549622067814,0,0,2.194075175054529,1.0939921385788465,0.5,28,14,3,0.2814082180848345
127216,quartet,assignment_shuffled,sgd,0.003,shuffled_projection,64,1.0867094085284155,1.0521862935656794,0.5,0.7926024952515544,0.15380240049576976,0,0,2.2033662674906958,1.0995198804753548,0.5,28,14,3,0.2814171890495345
127216,quartet,assignment_shuffled,sgd,0.01,exact,64,1.0631832801689254,1.0264269208477697,0.5,1.0,0.0,0,0,2.1676485283850213,1.0937171852530259,0.5,28,14,3,0.28142585000023246
127216,quartet,assignment_shuffled,sgd,0.01,broadcast,64,1.1288615960451112,1.0962091459485221,0.5,0.017092644107494004,5.24082344418597,0,0,2.2969196660025952,1.239715249646486,0.5,28,14,3,0.28143466101028025
127216,quartet,assignment_shuffled,sgd,0.01,global_projection,64,1.0741993573030575,1.0382308732129975,0.5,0.7761460602466101,0.1316575628489881,0,0,2.188800376996482,1.0943612636692066,0.5,28,14,3,0.2814432670129463
127216,quartet,assignment_shuffled,sgd,0.01,subtree_projection,64,1.0686939741626411,1.03240889712167,0.5,0.9213160838886321,0.06138899490728849,0,0,2.167437086341712,1.0921369312459073,0.5,28,14,3,0.2814518560189754
127216,quartet,assignment_shuffled,sgd,0.01,shuffled_projection,64,1.072664862559853,1.0365994343492357,0.5,0.8266536477100163,0.11903386725913227,0,0,2.192107448473725,1.0999025680662466,0.5,28,14,3,0.28146305109839886
127216,quartet,assignment_shuffled,sgd,0.03,exact,64,1.0488450094978785,1.0086998227020156,0.5,1.0,0.0,0,0,2.1358024309087984,1.093141984966435,0.5,28,14,3,0.28147156501654536
127216,quartet,assignment_shuffled,sgd,0.03,broadcast,64,1.052542987001488,1.009172709491001,0.5,0.5584819625182993,5.227532819164686,0,0,2.4392168953275193,1.3511238562630863,0.5,28,14,3,0.28148021700326353
127216,quartet,assignment_shuffled,sgd,0.03,global_projection,64,1.0570947961191213,1.0179159568830873,0.5,0.8549510467977953,0.07080200178387096,0,0,2.1633896488984394,1.0941730222795325,0.5,28,14,3,0.28148907399736345
127216,quartet,assignment_shuffled,sgd,0.03,subtree_projection,64,1.0533784070082528,1.0138723965387573,0.5,0.9265985414535287,0.04137296828003623,0,0,2.1258671049881266,1.0902693009106006,0.5,28,14,3,0.2814976430963725
127216,quartet,assignment_shuffled,sgd,0.03,shuffled_projection,64,1.0556772586946357,1.0163537549012618,0.5,0.8891411288469969,0.06467893550832643,0,0,2.172777796475785,1.0983123585769226,0.5,28,14,3,0.2815062840236351
127216,quartet,assignment_shuffled,adam,0.003,exact,64,1.0480563311055677,1.008078218806948,0.5,0.9999999999999999,0.0,0,0,2.003492075051585,1.0649080451394228,0.5,28,14,3,0.28151491505559534
127216,quartet,assignment_shuffled,adam,0.003,broadcast,64,1.0713404058617781,1.0346764379718003,0.5,-0.06401970876970639,5.768918336288655,0,0,2.2128190301031405,1.2229704364461478,0.5,28,14,3,0.2815234900917858
127216,quartet,assignment_shuffled,adam,0.003,global_projection,64,1.048311311299829,1.009076422114071,0.5,0.9047769104762677,0.08296750144547152,0,0,2.1060147204973565,1.0891936133294928,0.5,28,14,3,0.28153204009868205
127216,quartet,assignment_shuffled,adam,0.003,subtree_projection,64,1.0481372159466176,1.008247784207104,0.5,0.9429912535857558,0.03427275447481769,0,0,2.0142813589125996,1.0688592355428905,0.5,28,14,3,0.28154062607791275
127216,quartet,assignment_shuffled,adam,0.003,shuffled_projection,64,1.0489180505049165,1.0096372727603256,0.5,0.9183135762821887,0.060033457009588856,0,0,2.142751144090597,1.1098388019362286,0.5,28,14,3,0.28155212802812457
127216,quartet,assignment_shuffled,adam,0.01,exact,64,1.045440691409682,1.001336099329062,0.5,1.0,0.0,0,0,1.912269313148212,1.0627233662956823,0.5,28,14,3,0.2815609510289505
127216,quartet,assignment_shuffled,adam,0.01,broadcast,64,1.0446264394601523,1.0007170827585843,0.5,0.3898636067988577,6.073925728864691,0,0,2.315824083572086,1.320784102650476,0.5,28,14,3,0.2815694500459358
127216,quartet,assignment_shuffled,adam,0.01,global_projection,64,1.0454819638751507,1.001377581873283,0.5,0.9100212028384187,0.03723429704858264,0,0,2.1295284800100838,1.1327227025279096,0.5,28,14,3,0.2815781910903752
127216,quartet,assignment_shuffled,adam,0.01,subtree_projection,64,1.0455307285982014,1.00146967162537,0.5,0.9753467120372771,0.016292718940374658,0,0,1.9148817595118692,1.065563969990742,0.5,28,14,3,0.2815872239880264
127216,quartet,assignment_shuffled,adam,0.01,shuffled_projection,64,1.0450492019922692,1.001065811503909,0.5,0.967191449408532,0.019568650123429433,0,0,2.125826515556842,1.107148750370185,0.5,28,14,3,0.28159591904841363
127216,quartet,assignment_shuffled,adam,0.03,exact,64,1.045815648778397,1.0025711222394154,0.5,1.0000000000000002,0.0,0,0,1.9182772362663718,0.9894701452643679,0.5,28,14,3,0.28160464600659907
127216,quartet,assignment_shuffled,adam,0.03,broadcast,64,1.0587878147331593,1.0090038181458245,0.5,0.7344435762897534,5.765913843147828,0,0,2.8064835769841685,1.4643796409790146,0.5,28,14,3,0.2816134170861915
127216,quartet,assignment_shuffled,adam,0.03,global_projection,64,1.0447443671048917,1.0020451690147323,0.5,0.9924106017699976,0.009455247844221793,0,0,2.1710207216242985,1.1071537426803693,0.5,28,14,3,0.2816226501017809
127216,quartet,assignment_shuffled,adam,0.03,subtree_projection,64,1.046599472821395,1.003188137305175,0.5,0.9958966225399888,0.008156780076368827,0,0,1.917802981500157,1.0395260479308261,0.5,28,14,3,0.28163147007580847
127216,quartet,assignment_shuffled,adam,0.03,shuffled_projection,64,1.0482046772460134,1.0056229624776787,0.5,0.9926014282932751,0.014493018017684154,0,0,2.040824875077177,1.0577644104862916,0.5,28,14,3,0.2816401660675183
127216,quartet,compatible,sgd,0.003,exact,256,1.0785712634251068,1.0305911455810044,0.5,1.0,0.0,0,0,2.1650001282104143,1.090183379380162,0.0,28,14,3,0.700984857045114
127216,quartet,compatible,sgd,0.003,broadcast,256,1.1442516937804244,1.0896264468526133,0.5,0.23751984893739153,5.026661075249612,0,0,2.361105529122672,1.3055122386445177,0.0,28,14,3,0.7010030500823632
127216,quartet,compatible,sgd,0.003,global_projection,256,1.0944242999367986,1.0447069641287174,0.5,0.8224297037859334,0.11771568946734148,0,0,2.188766298817021,1.0952840118208145,0.0,28,14,3,0.7010141710052267
127216,quartet,compatible,sgd,0.003,subtree_projection,256,1.0865271234884555,1.0378761454772278,0.5,0.935104713082046,0.05651458439194458,0,0,2.161499963758626,1.0884283807184925,0.0,28,14,3,0.7010238260263577
127216,quartet,compatible,sgd,0.003,shuffled_projection,256,1.0916876496725436,1.042233289985925,0.5,0.8664271675863008,0.107029426377655,0,0,2.19151236263485,1.1026597196299652,0.0,28,14,3,0.7010331240016967
127216,quartet,compatible,sgd,0.01,exact,256,1.0535740220727152,1.0079939155130417,0.5,0.9999999999999999,0.0,0,0,2.1358311700275348,1.0875616189377768,0.0,28,14,3,0.7010420790174976
127216,quartet,compatible,sgd,0.01,broadcast,256,1.063133619350893,1.0146791522324043,0.5,0.6967548841911377,5.153240543395565,0,0,2.4528177100377166,1.3792371050389962,0.0,28,14,3,0.7010508920066059
127216,quartet,compatible,sgd,0.01,global_projection,256,1.0626934555419991,1.0144081256117254,0.5,0.9087723373878558,0.04711633304045572,0,0,2.1666193121109982,1.0873305636532227,0.0,28,14,3,0.7010668190196157
127216,quartet,compatible,sgd,0.01,subtree_projection,256,1.0582734996209138,1.0116505654599728,0.5,0.9645865644923167,0.03151834803922578,0,0,2.1177631415333567,1.0846677189667742,0.0,28,14,3,0.7010758410906419
127216,quartet,compatible,sgd,0.01,shuffled_projection,256,1.0615403903586733,1.0136281449825226,0.5,0.9265964450463601,0.04554891099434906,0,0,2.174928777362769,1.1028095610286723,0.0,28,14,3,0.7010845959885046
127216,quartet,compatible,sgd,0.03,exact,256,1.0480891977261617,1.0052493147091837,0.5,1.0,0.0,0,0,2.1245876977181593,1.0877368952905586,0.0,28,14,3,0.7010937359882519
127216,quartet,compatible,sgd,0.03,broadcast,256,1.0508713412878286,1.0059144432781846,0.5,0.5077355152674875,5.361729054342488,0,0,2.472149129017642,1.2768467956533922,0.0,28,14,3,0.7011024700477719
127216,quartet,compatible,sgd,0.03,global_projection,256,1.0535880341484365,1.006499665635558,0.5,0.9700429396422021,0.018650989908687018,0,0,2.165733681854006,1.084395246274755,0.0,28,14,3,0.7011110900202766
127216,quartet,compatible,sgd,0.03,subtree_projection,256,1.0477271720954093,1.0034375370116826,0.5,0.9909864404273399,0.015817456928748246,0,0,2.089967601491499,1.087671499664589,0.0,28,14,3,0.7011199049884453
127216,quartet,compatible,sgd,0.03,shuffled_projection,256,1.0543096253816444,1.0075617396423997,0.5,0.9777897437146734,0.01794405357366346,0,0,2.1784884143784162,1.103293702346939,0.0,28,14,3,0.7011286020278931
127216,quartet,compatible,adam,0.003,exact,256,0.554468278698083,0.5117078010935467,0.5,1.0,0.0,0,0,2.5534848526468688,1.6978945886350691,0.0,28,14,3,0.7011371050029993
127216,quartet,compatible,adam,0.003,broadcast,256,1.0496954890153036,1.004798138694286,0.5,0.4846364809086841,5.702863267152101,0,0,2.321940038422437,1.3409087458216584,0.0,28,14,3,0.7011456950567663
127216,quartet,compatible,adam,0.003,global_projection,256,1.0434386375352809,0.9994132543396776,0.5,0.9787871221280527,0.005214888507620444,0,0,2.8516878281116798,1.4544561054536302,0.0,28,14,3,0.7011542610125616
127216,quartet,compatible,adam,0.003,subtree_projection,256,1.0467971730134056,1.0027534866723307,0.5,0.9853917430429084,0.010593728658723154,0,0,1.9290139827741635,1.0535051603610766,0.0,28,14,3,0.7011630040360615
127216,quartet,compatible,adam,0.003,shuffled_projection,256,1.0418665211276656,0.9977170464819678,0.5,0.9637715229884314,0.005860016453591957,0,0,2.9535114918549943,1.4474691288614583,0.0,28,14,3,0.7011715570697561
127216,quartet,compatible,adam,0.01,exact,256,0.04835529878835887,0.003276161387978463,0.5,1.0,0.0,0,0,2.956430559009884,1.7399410786842813,0.0,28,14,3,0.7011801759945229
127216,quartet,compatible,adam,0.01,broadcast,256,0.992578182701173,0.9440717890637524,0.5,0.25910441868427914,4.336999421345327,0,0,2.5150066055113354,1.1172137881622506,0.0,28,14,3,0.7011890390422195
127216,quartet,compatible,adam,0.01,global_projection,256,0.4926445429193607,0.45566364314774904,0.5,0.8333468834161425,0.4571886218932853,0,78,3.6498226551901105,2.0,0.0,28,14,3,0.7011979660019279
127216,quartet,compatible,adam,0.01,subtree_projection,256,0.5680976682491479,0.5262386855965124,0.5,0.3672756416397221,0.5437325938530927,0,0,2.7953222940954783,1.4809416885710733,0.0,28,14,3,0.701206730096601
127216,quartet,compatible,adam,0.01,shuffled_projection,256,0.5604728492834173,0.5170113124392596,0.5,0.834273630836385,0.16882995640147008,0,26,3.0481690061179276,1.7773716263527197,0.0,28,14,3,0.7012154670665041
127216,quartet,compatible,adam,0.03,exact,256,0.05071978945146634,0.005478862559179006,0.5,1.0000000000000002,0.0,0,0,3.093260108908764,1.615254581773065,0.0,28,14,3,0.7012265820521861
127216,quartet,compatible,adam,0.03,broadcast,256,0.9460650261495978,0.8906969966458893,0.5,0.821521393316118,4.338672883093327,0,0,3.5263885759191047,1.8430150255300728,0.0,28,14,3,0.701235439046286
127216,quartet,compatible,adam,0.03,global_projection,256,0.10729370058242187,0.059894810072231075,0.5,0.7028616240970763,0.6099154102742211,0,53,3.4617761661350936,1.879255704013428,0.0,28,14,3,0.7012438650708646
127216,quartet,compatible,adam,0.03,subtree_projection,256,0.05661644337533142,0.011509757551406832,0.5,0.8828873718560313,0.44766527237187825,0,9,3.2569789688769806,1.9089763241538154,0.0,28,14,3,0.7012523710727692
127216,quartet,compatible,adam,0.03,shuffled_projection,256,0.34800435172638056,0.30230710468962885,0.5,0.9855246452177789,0.35362491695502535,0,136,4.67628914628453,2.0,0.0,28,14,3,0.7012623460032046
127216,quartet,assignment_shuffled,sgd,0.003,exact,256,1.0595529630193745,1.0222520213049018,0.5,0.9999999999999999,0.0,0,0,2.161511735691285,1.0925060101597042,0.5,28,14,3,0.701271312078461
127216,quartet,assignment_shuffled,sgd,0.003,broadcast,256,1.1176296105268735,1.0839659564635513,0.5,0.17396524047976175,5.183500102037756,0,0,2.3398842788646417,1.2903444369805477,0.5,28,14,3,0.7012799030635506
127216,quartet,assignment_shuffled,sgd,0.003,global_projection,256,1.070800682372255,1.034300027619361,0.5,0.7915271407542961,0.11944168086474972,0,0,2.1851787434691903,1.094166578607557,0.5,28,14,3,0.7012888140743598
127216,quartet,assignment_shuffled,sgd,0.003,subtree_projection,256,1.0650067415089817,1.02819832247385,0.5,0.9211594661881432,0.057708078417789195,0,0,2.1594092774476334,1.0910393587854044,0.5,28,14,3,0.701297405990772
127216,quartet,assignment_shuffled,sgd,0.003,shuffled_projection,256,1.0690270103553319,1.0324154490748039,0.5,0.8399053621841257,0.10786532741105274,0,0,2.1890035741774834,1.101506338033917,0.5,28,14,3,0.7013059300370514
127216,quartet,assignment_shuffled,sgd,0.01,exact,256,1.0473210691947727,1.005963091881714,0.5,1.0,0.0,0,0,2.1290339471520072,1.091320912518829,0.5,28,14,3,0.7013142830692232
127216,quartet,assignment_shuffled,sgd,0.01,broadcast,256,1.0474893632231663,1.0058135975939537,0.5,0.45376123885754116,5.449703548389667,0,0,2.4135231074095898,1.3665404516782438,0.5,28,14,3,0.7013227110728621
127216,quartet,assignment_shuffled,sgd,0.01,global_projection,256,1.0540772645016034,1.013413377791402,0.5,0.9096904758643376,0.049046036968795254,0,0,2.1552291393208614,1.0907909305847516,0.5,28,14,3,0.7013311370974407
127216,quartet,assignment_shuffled,sgd,0.01,subtree_projection,256,1.050993063240886,1.0102117255395242,0.5,0.9386468109137225,0.03538259054134066,0,0,2.110964156566798,1.0883615478868982,0.5,28,14,3,0.7013395330868661
127216,quartet,assignment_shuffled,sgd,0.01,shuffled_projection,256,1.052951795635341,1.0121722797504606,0.5,0.9277579568043541,0.04624977315968954,0,0,2.1666867132075676,1.1002208365435626,0.5,28,14,3,0.701347834081389
127216,quartet,assignment_shuffled,sgd,0.03,exact,256,1.049906973954637,1.0064431985057911,0.5,1.0000000000000002,0.0,0,0,2.117485044756429,1.0924712338110543,0.5,28,14,3,0.7013562710490078
127216,quartet,assignment_shuffled,sgd,0.03,broadcast,256,1.0473150144017802,1.0069754183809563,0.5,0.44104405877529346,5.844410772012216,0,0,2.4079364315322866,1.2830664230150004,0.5,28,14,3,0.7013646230334416
127216,quartet,assignment_shuffled,sgd,0.03,global_projection,256,1.051605739234251,1.0085930712549493,0.5,0.9920651341241215,0.012734526469624625,0,0,2.1241106426538274,1.0878297381731303,0.5,28,14,3,0.7013755890075117
127216,quartet,assignment_shuffled,sgd,0.03,subtree_projection,256,1.0509158711626823,1.0080670087802273,0.5,0.9822450395357505,0.021297271185287504,0,0,2.0675079503190115,1.085769604110457,0.5,28,14,3,0.7013838849961758
127216,quartet,assignment_shuffled,sgd,0.03,shuffled_projection,256,1.0515874069030666,1.0086439893056522,0.5,0.9885964042221657,0.01621398886657729,0,0,2.1440717658853203,1.094736034482686,0.5,28,14,3,0.7013943080091849
127216,quartet,assignment_shuffled,adam,0.003,exact,256,1.046482520875272,1.0030752924133304,0.5,1.0,0.0,0,0,1.9032178242056952,1.0431520905942704,0.5,28,14,3,0.7014027980621904
127216,quartet,assignment_shuffled,adam,0.003,broadcast,256,1.0452823272713545,1.0022803947820342,0.5,0.3772427617285856,6.078500296493017,0,0,2.269403261421787,1.3250015967365507,0.5,28,14,3,0.7014111810130998
127216,quartet,assignment_shuffled,adam,0.003,global_projection,256,1.0486219808477284,1.0046124252366984,0.5,0.972388328267617,0.04727692484422932,0,0,2.0838108253976344,1.0393151463218806,0.5,28,14,3,0.7014195440569893
127216,quartet,assignment_shuffled,adam,0.003,subtree_projection,256,1.046543804560154,1.0031235036792325,0.5,0.9865042681152202,0.018699064302022655,0,0,1.8913356892719584,1.0491131169643155,0.5,28,14,3,0.7014280140865594
127216,quartet,assignment_shuffled,adam,0.003,shuffled_projection,256,1.047822034816014,1.0037573195338847,0.5,0.9819525454256794,0.026448004065710882,0,0,2.1335145066263936,1.1256155380869117,0.5,28,14,3,0.701436443021521
127216,quartet,assignment_shuffled,adam,0.01,exact,256,1.049912077414406,1.0099401423465335,0.5,1.0,0.0,0,0,1.9637257632235643,1.1269999562518878,0.5,28,14,3,0.7014448750996962
127216,quartet,assignment_shuffled,adam,0.01,broadcast,256,1.0531949206467093,1.0121299948850078,0.5,0.4187033714283485,5.862813972568987,0,0,2.488373452627638,1.220081128527012,0.5,28,14,3,0.7014533469919115
127216,quartet,assignment_shuffled,adam,0.01,global_projection,256,1.0520856384787516,1.0092291913137132,0.5,0.9967621295531305,0.007749981120275764,0,0,2.129101320389249,1.0267978365236445,0.5,28,14,3,0.7014616730157286
127216,quartet,assignment_shuffled,adam,0.01,subtree_projection,256,1.0502133973590404,1.0083717468030053,0.5,0.9943948302124052,0.010665564013316073,0,0,1.9275725951530769,0.9968402321122861,0.5,28,14,3,0.7014700070722029
127216,quartet,assignment_shuffled,adam,0.01,shuffled_projection,256,1.0522392127333786,1.0105838310269828,0.5,0.996160893981373,0.008345592379637235,0,0,2.104457595966718,1.1030889120795722,0.5,28,14,3,0.7014783649938181
127216,quartet,assignment_shuffled,adam,0.03,exact,256,0.5677066537800548,0.525863164620729,0.5,1.0,0.0,0,0,3.0287841154233406,1.8439488240479454,0.5,28,14,3,0.701486841076985
127216,quartet,assignment_shuffled,adam,0.03,broadcast,256,1.086202182938251,1.0475593744730538,0.5,0.6877817896471727,5.820358082154605,0,0,3.859086059466035,1.6599829309832468,0.5,28,14,3,0.7014952310128137
127216,quartet,assignment_shuffled,adam,0.03,global_projection,256,1.0478828169627188,1.0061832580505368,0.5,0.9976833447446803,0.0053243978288552195,0,0,2.3051543989814958,1.2342581361301825,0.5,28,14,3,0.7015036470256746
127216,quartet,assignment_shuffled,adam,0.03,subtree_projection,256,0.600643070722483,0.5565084963712932,0.5,0.8692003982983991,0.42908965690394013,0,14,3.5525771835988125,1.9792598916452133,0.5,28,14,3,0.7015121210133657
127216,quartet,assignment_shuffled,adam,0.03,shuffled_projection,256,1.0563101517024764,1.015646310073745,0.5,0.9999668434248854,0.00012247808593911558,0,0,2.3983747007743985,1.1741015630841152,0.5,28,14,3,0.7015205310890451
127216,quartet,compatible,sgd,0.003,exact,1024,1.0513613756724602,1.0053529723721768,0.5,1.0,0.0,0,0,2.135670353827849,1.087178576116871,0.0,28,14,3,2.2659068120410666
127216,quartet,compatible,sgd,0.003,broadcast,1024,1.0568361946792695,1.0087904334346085,0.5,0.69033611619842,5.299897807895589,0,0,2.431028495791903,1.3520617301454914,0.0,28,14,3,2.265926226042211
127216,quartet,compatible,sgd,0.003,global_projection,1024,1.0588799949889176,1.010027963731675,0.5,0.8664519420262824,0.04038497807129462,0,0,2.166587609245766,1.0879750788578957,0.0,28,14,3,2.2659475890686736
127216,quartet,compatible,sgd,0.003,subtree_projection,1024,1.0549392364765011,1.007931745109682,0.5,0.9513289837569873,0.029350602827195458,0,0,2.11826336915343,1.0872404674534646,0.0,28,14,3,2.2659583820495754
127216,quartet,compatible,sgd,0.003,shuffled_projection,1024,1.0582979212940558,1.009805194228663,0.5,0.8822653606920849,0.039222648776555936,0,0,2.175754740873136,1.1030921216546736,0.0,28,14,3,2.265978292096406
127216,quartet,compatible,sgd,0.01,exact,1024,1.0453991722892235,1.0003149456467582,0.5,1.0000000000000002,0.0,0,0,2.1280353292516216,1.088611820709767,0.0,28,14,3,2.265987506019883
127216,quartet,compatible,sgd,0.01,broadcast,1024,1.0365834324827208,0.9879356709284565,0.5,0.20151781875516944,4.96671443243171,0,0,2.378283573543467,1.1054054422507658,0.0,28,14,3,2.265996469068341
127216,quartet,compatible,sgd,0.01,global_projection,1024,1.052124646326357,1.0021453805765161,0.5,0.6490002635690638,0.022077574304676897,0,0,2.1846125321754797,1.0921991383597918,0.0,28,14,3,2.2660052250139415
127216,quartet,compatible,sgd,0.01,subtree_projection,1024,1.042482356757143,0.9962041523580647,0.5,0.8944547514472322,0.018295671849495748,0,0,2.1061203233452157,1.0984172523764675,0.0,28,14,3,2.2660140200750902
127216,quartet,compatible,sgd,0.01,shuffled_projection,1024,1.0530006029219803,1.0033990998076217,0.5,0.676737910420601,0.019212741707469408,0,0,2.1983592909235874,1.10770252857268,0.0,28,14,3,2.2660238100215793
127216,quartet,compatible,sgd,0.03,exact,1024,1.0008474968642485,0.9551330185240204,0.5,1.0,0.0,0,0,2.178049769977974,1.1389010850850783,0.0,28,14,3,2.2660327560734004
127216,quartet,compatible,sgd,0.03,broadcast,1024,0.7911341416749591,0.7368044070883966,0.5,-0.1444601154890989,1.3975321634954445,0,0,2.75645524748741,1.292590529881881,0.0,28,14,3,2.2660413699923083
127216,quartet,compatible,sgd,0.03,global_projection,1024,1.049737024521694,1.001103099035885,0.5,0.9184534465389352,0.004618320743489979,0,0,2.358848176385527,1.138432318499392,0.0,28,14,3,2.266050144098699
127216,quartet,compatible,sgd,0.03,subtree_projection,1024,0.7213851357061875,0.6806314072006369,0.5,0.3731060643418168,0.34676132984995434,0,0,2.4515937722192507,1.1904209226171014,0.0,28,14,3,2.266058971057646
127216,quartet,compatible,sgd,0.03,shuffled_projection,1024,1.0454579307914336,0.997201974860557,0.5,0.6888256227143017,0.0059103857023453795,0,0,2.3964951047313496,1.1366089136709217,0.0,28,14,3,2.2660677360836416
127216,quartet,compatible,adam,0.003,exact,1024,0.04669445274191827,0.00164334417163381,0.5,1.0,0.0,0,0,2.8813012975294194,1.7216043660660494,0.0,28,14,3,2.2660763250896707
127216,quartet,compatible,adam,0.003,broadcast,1024,0.933188046418362,0.8809468561181804,0.5,-0.04474585499360444,2.026083484481938,0,0,2.5011942688062505,1.2085979630377495,0.0,28,14,3,2.266084891045466
127216,quartet,compatible,adam,0.003,global_projection,1024,0.08744511624574168,0.0432149508783292,0.5,0.29872656883018506,0.7009072108960058,0,275,3.542697050922735,2.0,0.0,28,14,3,2.266093540005386
127216,quartet,compatible,adam,0.003,subtree_projection,1024,0.7851170011921635,0.7399598250323869,0.5,0.9491246460961951,0.3333872712812544,0,0,4.5153294768974375,1.9970953276520698,0.0,28,14,3,2.2661019830266014
127216,quartet,compatible,adam,0.003,shuffled_projection,1024,0.5476780710347124,0.5044742159697861,0.5,0.9903742332572398,0.17238151916564917,0,0,2.77283061194203,1.3614126795005363,0.0,28,14,3,2.2661260660970584
127216,quartet,compatible,adam,0.01,exact,1024,0.04674267914846683,0.0014361686013381165,0.5,1.0,0.0,0,0,2.9541102568812603,1.7151810016042797,0.0,28,14,3,2.266137461992912
127216,quartet,compatible,adam,0.01,broadcast,1024,0.8032190442423548,0.7416860602973883,0.5,0.4717046196619567,3.915732840232291,0,0,2.6733243929195853,1.3713468401218831,0.0,28,14,3,2.2661467930302024
127216,quartet,compatible,adam,0.01,global_projection,1024,0.09858520230036316,0.05381649406453651,0.5,0.48091668101923307,0.7124183461516196,0,233,3.68750982383766,1.633433535260233,0.0,28,14,3,2.266156330006197
127216,quartet,compatible,adam,0.01,subtree_projection,1024,0.7196613579155021,0.6783937203266698,0.5,0.4138482268453844,0.49441646097737313,35,0,5.2433484391584555,1.760737646128215,0.0,28,14,3,2.2661656220443547
127216,quartet,compatible,adam,0.01,shuffled_projection,1024,0.048418270372193026,0.0030830419236361475,0.5,0.8931014470306904,0.4439263542362688,0,26,3.018074470941586,1.5297779182732703,0.0,28,14,3,2.26617494400125
127216,quartet,compatible,adam,0.03,exact,1024,0.051088279911317244,0.005696571368127497,0.5,1.0000000000000002,0.0,0,0,3.0129998833962306,1.527514963806725,0.0,28,14,3,2.2661840870277956
127216,quartet,compatible,adam,0.03,broadcast,1024,0.9284623505803671,0.8777775453943863,0.5,0.9994769179707246,5.337508449993326,348,230,5.631289521788614,1.9900952470980497,0.0,28,14,3,2.2661935680080205
127216,quartet,compatible,adam,0.03,global_projection,1024,0.089980573671629,0.045111199509772985,0.5,0.8632215204152845,0.5049288742480609,0,53,4.331653972997175,1.9308617283024503,0.0,28,14,3,2.266202996019274
127216,quartet,compatible,adam,0.03,subtree_projection,1024,0.05299746836693415,0.008188088521408912,0.5,0.8656940553225744,0.36981070826516577,0,82,3.360564398283664,1.9894794518803027,0.0,28,14,3,2.2662126150680706
127216,quartet,compatible,adam,0.03,shuffled_projection,1024,0.051735751038343006,0.006963825135389371,0.5,0.9887619469461432,0.31264026946949613,0,846,4.518579903221971,2.0,0.0,28,14,3,2.2662218280602247
127216,quartet,assignment_shuffled,sgd,0.003,exact,1024,1.0461908852426554,1.0033711875449174,0.5,1.0000000000000002,0.0,0,0,2.1251422224595804,1.0911027186952031,0.5,28,14,3,2.2662315180059522
127216,quartet,assignment_shuffled,sgd,0.003,broadcast,1024,1.0452997195093185,1.0024574979356433,0.5,0.4693303440910354,5.5634825600446804,0,0,2.4090640365267335,1.355369690949765,0.5,28,14,3,2.2662408309988678
127216,quartet,assignment_shuffled,sgd,0.003,global_projection,1024,1.0519748164666005,1.0098443818571123,0.5,0.8919688695402331,0.039495998657284134,0,0,2.1483996306135476,1.089678136197444,0.5,28,14,3,2.266250116052106
127216,quartet,assignment_shuffled,sgd,0.003,subtree_projection,1024,1.0495785388746848,1.0073849062263207,0.5,0.9155962752759187,0.03221555438927933,0,0,2.101876076770532,1.0882330299453407,0.5,28,14,3,2.266259241034277
127216,quartet,assignment_shuffled,sgd,0.003,shuffled_projection,1024,1.0511395150213496,1.0088987129243188,0.5,0.9109539861752984,0.03839471909921511,0,0,2.161861709167666,1.099514595290692,0.5,28,14,3,2.2662684849929065
127216,quartet,assignment_shuffled,sgd,0.01,exact,1024,1.0475504366773851,1.00144942243064,0.5,0.9999999999999998,0.0,0,0,2.1161307400465414,1.090454957990048,0.5,28,14,3,2.266277692047879
127216,quartet,assignment_shuffled,sgd,0.01,broadcast,1024,1.0453444177723616,1.000818122828373,0.5,0.4403361096472562,5.686888749221649,0,0,2.429456665307576,1.2300133955475376,0.5,28,14,3,2.266286915051751
127216,quartet,assignment_shuffled,sgd,0.01,global_projection,1024,1.048272167835556,1.002928997457144,0.5,0.9883657327770614,0.007731367698408012,0,0,2.114307838826828,1.0832262226971014,0.5,28,14,3,2.2662961330497637
127216,quartet,assignment_shuffled,sgd,0.01,subtree_projection,1024,1.04829398462397,1.002929966721409,0.5,0.9581991862282914,0.018549511059531346,0,0,2.05237040482459,1.0821212571309773,0.5,28,14,3,2.266307541052811
127216,quartet,assignment_shuffled,sgd,0.01,shuffled_projection,1024,1.0484500881508259,1.0031304772759215,0.5,0.9802439441901978,0.011747131175795521,0,0,2.1360135214608365,1.0954148207907874,0.5,28,14,3,2.266316741006449
127216,quartet,assignment_shuffled,sgd,0.03,exact,1024,1.0484042991372855,1.0017286376720163,0.5,0.9999999999999999,0.0,0,0,2.1124719081378713,1.0890720393884579,0.5,28,14,3,2.266325865057297
127216,quartet,assignment_shuffled,sgd,0.03,broadcast,1024,1.0503233817468605,1.0036417560870754,0.5,0.58910305584574,5.500926222475717,0,0,2.662804801840341,1.5364889223552578,0.5,28,14,3,2.2663351360242814
127216,quartet,assignment_shuffled,sgd,0.03,global_projection,1024,1.0478738742941054,1.0022606932316178,0.5,0.9958623904120412,0.004867799285560025,0,0,2.109230648024923,1.0751372028347836,0.5,28,14,3,2.266344291041605
127216,quartet,assignment_shuffled,sgd,0.03,subtree_projection,1024,1.048419152823343,1.00207297074799,0.5,0.9835399266321587,0.014200255734258788,0,0,2.015251934387325,1.066616638834997,0.5,28,14,3,2.266353292041458
127216,quartet,assignment_shuffled,sgd,0.03,shuffled_projection,1024,1.0482113548952037,1.0022207602462263,0.5,0.9975553381686594,0.0052594775303518694,0,0,2.1245206526010665,1.0978167538128236,0.5,28,14,3,2.266362595022656
127216,quartet,assignment_shuffled,adam,0.003,exact,1024,1.045745382489738,1.002287451926573,0.5,1.0,0.0,0,0,1.9845480599956231,1.0306679053468046,0.5,28,14,3,2.2663717539981008
127216,quartet,assignment_shuffled,adam,0.003,broadcast,1024,1.0457764812639823,1.0017786453804578,0.5,0.4337681032769242,5.833415527145035,0,0,2.3771080942179856,1.2672981483237153,0.5,28,14,3,2.2663832610705867
127216,quartet,assignment_shuffled,adam,0.003,global_projection,1024,1.0482880683665194,1.0024538090988746,0.5,0.9854992071696755,0.021378497860036795,0,0,2.1415144133022093,1.0795234238790086,0.5,28,14,3,2.2663923990912735
127216,quartet,assignment_shuffled,adam,0.003,subtree_projection,1024,1.047000762248709,1.001743422269225,0.5,0.9690143911400052,0.017685672773932643,0,0,1.9299945401929561,1.043179961968767,0.5,28,14,3,2.2664016890339553
127216,quartet,assignment_shuffled,adam,0.003,shuffled_projection,1024,1.0472813344098206,1.0020578221722587,0.5,0.9857025761415885,0.013191415830750184,0,0,2.2608856135862205,1.35242030595554,0.5,28,14,3,2.2664108420722187
127216,quartet,assignment_shuffled,adam,0.01,exact,1024,0.5518627831938818,0.5105492401269611,0.5,1.0,0.0,0,0,2.9643625631056665,1.85254180491524,0.5,28,14,3,2.2664201060542837
127216,quartet,assignment_shuffled,adam,0.01,broadcast,1024,1.0528640076599713,1.0065960877974576,0.5,0.6413175330440051,5.732407703903581,0,0,3.1898297362296057,1.4984595586454463,0.5,28,14,3,2.2664292380213737
127216,quartet,assignment_shuffled,adam,0.01,global_projection,1024,1.045204527912134,1.0015985260028086,0.5,0.946305747191133,0.015514883409552732,0,0,2.374024058339914,1.3169107010097805,0.5,28,14,3,2.266438333084807
127216,quartet,assignment_shuffled,adam,0.01,subtree_projection,1024,0.8780672881088202,0.8394674631893224,0.5,0.8874357515118177,0.6249740077635054,0,91,4.792463541492753,2.0,0.5,28,14,3,2.2664479560917243
127216,quartet,assignment_shuffled,adam,0.01,shuffled_projection,1024,0.573236506560944,0.5287620969767253,0.5,0.808511726863465,0.47372552431055037,0,391,3.6847865417017798,2.0,0.5,28,14,3,2.266457396093756
127216,quartet,assignment_shuffled,adam,0.03,exact,1024,0.5685369785236185,0.5243937708115789,0.5,1.0000000000000002,0.0,0,0,2.9903570914697073,1.6033301459510398,0.5,28,14,3,2.2664666230557486
127216,quartet,assignment_shuffled,adam,0.03,broadcast,1024,1.1006726151194512,1.0595679192506051,0.5,0.9999228183004241,5.929973219463479,283,278,6.0751381575876096,2.0,0.5,28,14,3,2.2664783250074834
127216,quartet,assignment_shuffled,adam,0.03,global_projection,1024,1.0336309363152947,0.9908338611510619,0.5,0.9890496099615746,0.2473980701296958,36,402,4.157180212011907,1.9442741737298699,0.5,28,14,3,2.266488242079504
127216,quartet,assignment_shuffled,adam,0.03,subtree_projection,1024,0.6134756901679337,0.5649371062157044,0.5,0.9606466341808322,0.29716717028824363,0,16,4.434972766769521,1.9550233330985998,0.5,28,14,3,2.2664975750958547
127216,quartet,assignment_shuffled,adam,0.03,shuffled_projection,1024,0.7370818767074612,0.6997631182916746,0.5,0.9995731424986738,0.06485651338387913,120,503,7.436531156695563,2.0,0.5,28,14,3,2.2665069790091366
127216,nested,compatible,sgd,0.003,exact,0,1.283301533486283,1.2573280043091488,1.0,1.0,0.0,0,0,1.8825433877234565,0.8269440104880221,0.0,28,14,4,0.03769801196176559
127216,nested,compatible,sgd,0.003,broadcast,0,1.283301533486283,1.2573280043091488,1.0,0.12021057767614443,3.8009051251019517,0,0,1.8825433877234565,0.8269440104880221,0.0,28,14,4,0.03771965391933918
127216,nested,compatible,sgd,0.003,global_projection,0,1.283301533486283,1.2573280043091488,1.0,0.8385148035452785,0.5138893091251525,0,0,1.8825433877234565,0.8269440104880221,0.0,28,14,4,0.03773104096762836
127216,nested,compatible,sgd,0.003,subtree_projection,0,1.283301533486283,1.2573280043091488,1.0,0.8614592889850262,0.49297835428703646,0,0,1.8825433877234565,0.8269440104880221,0.0,28,14,4,0.03774182091001421
127216,nested,compatible,sgd,0.003,shuffled_projection,0,1.283301533486283,1.2573280043091488,1.0,0.8614592889850262,0.49297835428703646,0,0,1.8825433877234565,0.8269440104880221,0.0,28,14,4,0.037751451949588954
127216,nested,compatible,sgd,0.01,exact,0,1.283301533486283,1.2573280043091488,1.0,1.0,0.0,0,0,1.8825433877234565,0.8269440104880221,0.0,28,14,4,0.037761276005767286
127216,nested,compatible,sgd,0.01,broadcast,0,1.283301533486283,1.2573280043091488,1.0,0.12021057767614443,3.8009051251019517,0,0,1.8825433877234565,0.8269440104880221,0.0,28,14,4,0.037770509952679276
127216,nested,compatible,sgd,0.01,global_projection,0,1.283301533486283,1.2573280043091488,1.0,0.8385148035452785,0.5138893091251525,0,0,1.8825433877234565,0.8269440104880221,0.0,28,14,4,0.03777996089775115
127216,nested,compatible,sgd,0.01,subtree_projection,0,1.283301533486283,1.2573280043091488,1.0,0.8614592889850262,0.49297835428703646,0,0,1.8825433877234565,0.8269440104880221,0.0,28,14,4,0.03778884490020573
127216,nested,compatible,sgd,0.01,shuffled_projection,0,1.283301533486283,1.2573280043091488,1.0,0.8614592889850262,0.49297835428703646,0,0,1.8825433877234565,0.8269440104880221,0.0,28,14,4,0.03779839095659554
127216,nested,compatible,sgd,0.03,exact,0,1.283301533486283,1.2573280043091488,1.0,1.0,0.0,0,0,1.8825433877234565,0.8269440104880221,0.0,28,14,4,0.03780777589417994
127216,nested,compatible,sgd,0.03,broadcast,0,1.283301533486283,1.2573280043091488,1.0,0.12021057767614443,3.8009051251019517,0,0,1.8825433877234565,0.8269440104880221,0.0,28,14,4,0.03781666699796915
127216,nested,compatible,sgd,0.03,global_projection,0,1.283301533486283,1.2573280043091488,1.0,0.8385148035452785,0.5138893091251525,0,0,1.8825433877234565,0.8269440104880221,0.0,28,14,4,0.03782613098155707
127216,nested,compatible,sgd,0.03,subtree_projection,0,1.283301533486283,1.2573280043091488,1.0,0.8614592889850262,0.49297835428703646,0,0,1.8825433877234565,0.8269440104880221,0.0,28,14,4,0.037835301947779953
127216,nested,compatible,sgd,0.03,shuffled_projection,0,1.283301533486283,1.2573280043091488,1.0,0.8614592889850262,0.49297835428703646,0,0,1.8825433877234565,0.8269440104880221,0.0,28,14,4,0.03784414695110172
127216,nested,compatible,adam,0.003,exact,0,1.283301533486283,1.2573280043091488,1.0,1.0,0.0,0,0,1.8825433877234565,0.8269440104880221,0.0,28,14,4,0.037853091955184937
127216,nested,compatible,adam,0.003,broadcast,0,1.283301533486283,1.2573280043091488,1.0,0.12021057767614443,3.8009051251019517,0,0,1.8825433877234565,0.8269440104880221,0.0,28,14,4,0.0378617849200964
127216,nested,compatible,adam,0.003,global_projection,0,1.283301533486283,1.2573280043091488,1.0,0.8385148035452785,0.5138893091251525,0,0,1.8825433877234565,0.8269440104880221,0.0,28,14,4,0.037870754953473806
127216,nested,compatible,adam,0.003,subtree_projection,0,1.283301533486283,1.2573280043091488,1.0,0.8614592889850262,0.49297835428703646,0,0,1.8825433877234565,0.8269440104880221,0.0,28,14,4,0.03787975595332682
127216,nested,compatible,adam,0.003,shuffled_projection,0,1.283301533486283,1.2573280043091488,1.0,0.8614592889850262,0.49297835428703646,0,0,1.8825433877234565,0.8269440104880221,0.0,28,14,4,0.03788860293570906
127216,nested,compatible,adam,0.01,exact,0,1.283301533486283,1.2573280043091488,1.0,1.0,0.0,0,0,1.8825433877234565,0.8269440104880221,0.0,28,14,4,0.037897473899647593
127216,nested,compatible,adam,0.01,broadcast,0,1.283301533486283,1.2573280043091488,1.0,0.12021057767614443,3.8009051251019517,0,0,1.8825433877234565,0.8269440104880221,0.0,28,14,4,0.03790659795049578
127216,nested,compatible,adam,0.01,global_projection,0,1.283301533486283,1.2573280043091488,1.0,0.8385148035452785,0.5138893091251525,0,0,1.8825433877234565,0.8269440104880221,0.0,28,14,4,0.03791523689869791
127216,nested,compatible,adam,0.01,subtree_projection,0,1.283301533486283,1.2573280043091488,1.0,0.8614592889850262,0.49297835428703646,0,0,1.8825433877234565,0.8269440104880221,0.0,28,14,4,0.037923750933259726
127216,nested,compatible,adam,0.01,shuffled_projection,0,1.283301533486283,1.2573280043091488,1.0,0.8614592889850262,0.49297835428703646,0,0,1.8825433877234565,0.8269440104880221,0.0,28,14,4,0.03793224995024502
127216,nested,compatible,adam,0.03,exact,0,1.283301533486283,1.2573280043091488,1.0,1.0,0.0,0,0,1.8825433877234565,0.8269440104880221,0.0,28,14,4,0.037940758978948
127216,nested,compatible,adam,0.03,broadcast,0,1.283301533486283,1.2573280043091488,1.0,0.12021057767614443,3.8009051251019517,0,0,1.8825433877234565,0.8269440104880221,0.0,28,14,4,0.037949252990074456
127216,nested,compatible,adam,0.03,global_projection,0,1.283301533486283,1.2573280043091488,1.0,0.8385148035452785,0.5138893091251525,0,0,1.8825433877234565,0.8269440104880221,0.0,28,14,4,0.03795808693394065
127216,nested,compatible,adam,0.03,subtree_projection,0,1.283301533486283,1.2573280043091488,1.0,0.8614592889850262,0.49297835428703646,0,0,1.8825433877234565,0.8269440104880221,0.0,28,14,4,0.03796653391327709
127216,nested,compatible,adam,0.03,shuffled_projection,0,1.283301533486283,1.2573280043091488,1.0,0.8614592889850262,0.49297835428703646,0,0,1.8825433877234565,0.8269440104880221,0.0,28,14,4,0.03797509195283055
127216,nested,assignment_shuffled,sgd,0.003,exact,0,1.1448306179695569,1.1038209963025976,1.0,0.9999999999999999,0.0,0,0,1.8825433877234565,0.8269440104880221,0.75,28,14,4,0.037983763962984085
127216,nested,assignment_shuffled,sgd,0.003,broadcast,0,1.1448306179695569,1.1038209963025976,1.0,0.14460280372090104,3.8009051251019526,0,0,1.8825433877234565,0.8269440104880221,0.75,28,14,4,0.03799222793895751
127216,nested,assignment_shuffled,sgd,0.003,global_projection,0,1.1448306179695569,1.1038209963025976,1.0,0.8560260334043396,0.5138893091251524,0,0,1.8825433877234565,0.8269440104880221,0.75,28,14,4,0.03800068795681
127216,nested,assignment_shuffled,sgd,0.003,subtree_projection,0,1.1448306179695569,1.1038209963025976,1.0,0.8694805257597247,0.49297835428703646,0,0,1.8825433877234565,0.8269440104880221,0.75,28,14,4,0.03800940699875355
127216,nested,assignment_shuffled,sgd,0.003,shuffled_projection,0,1.1448306179695569,1.1038209963025976,1.0,0.8694805257597247,0.49297835428703646,0,0,1.8825433877234565,0.8269440104880221,0.75,28,14,4,0.0380182599183172
127216,nested,assignment_shuffled,sgd,0.01,exact,0,1.1448306179695569,1.1038209963025976,1.0,0.9999999999999999,0.0,0,0,1.8825433877234565,0.8269440104880221,0.75,28,14,4,0.03802726499270648
127216,nested,assignment_shuffled,sgd,0.01,broadcast,0,1.1448306179695569,1.1038209963025976,1.0,0.14460280372090104,3.8009051251019526,0,0,1.8825433877234565,0.8269440104880221,0.75,28,14,4,0.038036169949918985
127216,nested,assignment_shuffled,sgd,0.01,global_projection,0,1.1448306179695569,1.1038209963025976,1.0,0.8560260334043396,0.5138893091251524,0,0,1.8825433877234565,0.8269440104880221,0.75,28,14,4,0.03804505197331309
127216,nested,assignment_shuffled,sgd,0.01,subtree_projection,0,1.1448306179695569,1.1038209963025976,1.0,0.8694805257597247,0.49297835428703646,0,0,1.8825433877234565,0.8269440104880221,0.75,28,14,4,0.03805376496165991
127216,nested,assignment_shuffled,sgd,0.01,shuffled_projection,0,1.1448306179695569,1.1038209963025976,1.0,0.8694805257597247,0.49297835428703646,0,0,1.8825433877234565,0.8269440104880221,0.75,28,14,4,0.03806241892743856
127216,nested,assignment_shuffled,sgd,0.03,exact,0,1.1448306179695569,1.1038209963025976,1.0,0.9999999999999999,0.0,0,0,1.8825433877234565,0.8269440104880221,0.75,28,14,4,0.03807102399878204
127216,nested,assignment_shuffled,sgd,0.03,broadcast,0,1.1448306179695569,1.1038209963025976,1.0,0.14460280372090104,3.8009051251019526,0,0,1.8825433877234565,0.8269440104880221,0.75,28,14,4,0.0380796609679237
127216,nested,assignment_shuffled,sgd,0.03,global_projection,0,1.1448306179695569,1.1038209963025976,1.0,0.8560260334043396,0.5138893091251524,0,0,1.8825433877234565,0.8269440104880221,0.75,28,14,4,0.03808826196473092
127216,nested,assignment_shuffled,sgd,0.03,subtree_projection,0,1.1448306179695569,1.1038209963025976,1.0,0.8694805257597247,0.49297835428703646,0,0,1.8825433877234565,0.8269440104880221,0.75,28,14,4,0.03809678298421204
127216,nested,assignment_shuffled,sgd,0.03,shuffled_projection,0,1.1448306179695569,1.1038209963025976,1.0,0.8694805257597247,0.49297835428703646,0,0,1.8825433877234565,0.8269440104880221,0.75,28,14,4,0.038105611922219396
127216,nested,assignment_shuffled,adam,0.003,exact,0,1.1448306179695569,1.1038209963025976,1.0,0.9999999999999999,0.0,0,0,1.8825433877234565,0.8269440104880221,0.75,28,14,4,0.03811473096720874
127216,nested,assignment_shuffled,adam,0.003,broadcast,0,1.1448306179695569,1.1038209963025976,1.0,0.14460280372090104,3.8009051251019526,0,0,1.8825433877234565,0.8269440104880221,0.75,28,14,4,0.03812331100925803
127216,nested,assignment_shuffled,adam,0.003,global_projection,0,1.1448306179695569,1.1038209963025976,1.0,0.8560260334043396,0.5138893091251524,0,0,1.8825433877234565,0.8269440104880221,0.75,28,14,4,0.03813189594075084
127216,nested,assignment_shuffled,adam,0.003,subtree_projection,0,1.1448306179695569,1.1038209963025976,1.0,0.8694805257597247,0.49297835428703646,0,0,1.8825433877234565,0.8269440104880221,0.75,28,14,4,0.03814046492334455
127216,nested,assignment_shuffled,adam,0.003,shuffled_projection,0,1.1448306179695569,1.1038209963025976,1.0,0.8694805257597247,0.49297835428703646,0,0,1.8825433877234565,0.8269440104880221,0.75,28,14,4,0.0381489199353382
127216,nested,assignment_shuffled,adam,0.01,exact,0,1.1448306179695569,1.1038209963025976,1.0,0.9999999999999999,0.0,0,0,1.8825433877234565,0.8269440104880221,0.75,28,14,4,0.03815754898823798
127216,nested,assignment_shuffled,adam,0.01,broadcast,0,1.1448306179695569,1.1038209963025976,1.0,0.14460280372090104,3.8009051251019526,0,0,1.8825433877234565,0.8269440104880221,0.75,28,14,4,0.03817381290718913
127216,nested,assignment_shuffled,adam,0.01,global_projection,0,1.1448306179695569,1.1038209963025976,1.0,0.8560260334043396,0.5138893091251524,0,0,1.8825433877234565,0.8269440104880221,0.75,28,14,4,0.038182799937203526
127216,nested,assignment_shuffled,adam,0.01,subtree_projection,0,1.1448306179695569,1.1038209963025976,1.0,0.8694805257597247,0.49297835428703646,0,0,1.8825433877234565,0.8269440104880221,0.75,28,14,4,0.0381920839427039
127216,nested,assignment_shuffled,adam,0.01,shuffled_projection,0,1.1448306179695569,1.1038209963025976,1.0,0.8694805257597247,0.49297835428703646,0,0,1.8825433877234565,0.8269440104880221,0.75,28,14,4,0.03820064396131784
127216,nested,assignment_shuffled,adam,0.03,exact,0,1.1448306179695569,1.1038209963025976,1.0,0.9999999999999999,0.0,0,0,1.8825433877234565,0.8269440104880221,0.75,28,14,4,0.038209230988286436
127216,nested,assignment_shuffled,adam,0.03,broadcast,0,1.1448306179695569,1.1038209963025976,1.0,0.14460280372090104,3.8009051251019526,0,0,1.8825433877234565,0.8269440104880221,0.75,28,14,4,0.03821766295004636
127216,nested,assignment_shuffled,adam,0.03,global_projection,0,1.1448306179695569,1.1038209963025976,1.0,0.8560260334043396,0.5138893091251524,0,0,1.8825433877234565,0.8269440104880221,0.75,28,14,4,0.03822619200218469
127216,nested,assignment_shuffled,adam,0.03,subtree_projection,0,1.1448306179695569,1.1038209963025976,1.0,0.8694805257597247,0.49297835428703646,0,0,1.8825433877234565,0.8269440104880221,0.75,28,14,4,0.038234850973822176
127216,nested,assignment_shuffled,adam,0.03,shuffled_projection,0,1.1448306179695569,1.1038209963025976,1.0,0.8694805257597247,0.49297835428703646,0,0,1.8825433877234565,0.8269440104880221,0.75,28,14,4,0.03824341599829495
127216,nested,compatible,sgd,0.003,exact,1,1.2807043862682277,1.2548409783359031,1.0,1.0000000000000002,0.0,0,0,1.8816659396288933,0.826944546574706,0.0,28,14,4,0.07772521197330207
127216,nested,compatible,sgd,0.003,broadcast,1,1.2830456894086997,1.2570925618994069,1.0,0.12312154010501417,3.798815300951751,0,0,1.8832705992392669,0.8269512620480958,0.0,28,14,4,0.07774176192469895
127216,nested,compatible,sgd,0.003,global_projection,1,1.281571672218373,1.2556359810228304,1.0,0.8387049779513821,0.5136992496265171,0,0,1.8819736930653195,0.8269445983202194,0.0,28,14,4,0.07775296992622316
127216,nested,compatible,sgd,0.003,subtree_projection,1,1.2814073230177394,1.2554727572422615,1.0,0.8615158592948381,0.4929480774011239,0,0,1.881863203543162,0.8269448928664594,0.0,28,14,4,0.07776339596603066
127216,nested,compatible,sgd,0.003,shuffled_projection,1,1.2814073230177394,1.2554727572422615,1.0,0.8615158592948381,0.4929480774011239,0,0,1.881863203543162,0.8269448928664594,0.0,28,14,4,0.07792483293451369
127216,nested,compatible,sgd,0.01,exact,1,1.2747049824853565,1.2490970827150687,1.0,1.0,0.0,0,0,1.8796259027479,0.8269457974436348,0.0,28,14,4,0.07793518400285393
127216,nested,compatible,sgd,0.01,broadcast,1,1.282425989776609,1.256520488754114,1.0,0.1298562823417056,3.79387908142798,0,0,1.8849903648720592,0.8269681823549342,0.0,28,14,4,0.07794417499098927
127216,nested,compatible,sgd,0.01,global_projection,1,1.2775581407603285,1.25171022494247,1.0,0.8391513616122056,0.5132557840768429,0,0,1.880649183997392,0.8269459699286797,0.0,28,14,4,0.07795302500016987
127216,nested,compatible,sgd,0.01,subtree_projection,1,1.2770182698349566,1.2511741221733146,1.0,0.8616512183987313,0.4928739631047213,0,0,1.8802813231495692,0.8269469517494799,0.0,28,14,4,0.07796190096996725
127216,nested,compatible,sgd,0.01,shuffled_projection,1,1.2770182698349566,1.2511741221733146,1.0,0.8616512183987313,0.4928739631047213,0,0,1.8802813231495692,0.8269469517494799,0.0,28,14,4,0.07798062893562019
127216,nested,compatible,sgd,0.03,exact,1,1.258026586122618,1.2331376955887985,1.0,1.0000000000000002,0.0,0,0,1.8738541277338814,0.8269493713548604,0.0,28,14,4,0.07798974099569023
127216,nested,compatible,sgd,0.03,broadcast,1,1.2804824018516192,1.2547131678868184,1.0,0.14864984279368315,3.7793168326046613,0,0,1.890080239264982,0.8270165260887583,0.0,28,14,4,0.07799870590679348
127216,nested,compatible,sgd,0.03,global_projection,1,1.26626574407509,1.2406646810071313,1.0,0.8404471896388384,0.5119889512817899,0,0,1.87690184598434,0.8269498888099951,0.0,28,14,4,0.07800743798725307
127216,nested,compatible,sgd,0.03,subtree_projection,1,1.264713513481511,1.23912389968938,1.0,0.8620645976276189,0.49263519654174615,0,0,1.8758020478249928,0.8269528342723954,0.0,28,14,4,0.07801592396572232
127216,nested,compatible,sgd,0.03,shuffled_projection,1,1.264713513481511,1.23912389968938,1.0,0.8620645976276189,0.49263519654174615,0,0,1.8758020478249928,0.8269528342723954,0.0,28,14,4,0.07802453392650932
127216,nested,compatible,adam,0.003,exact,1,1.2741937103241412,1.2489302730755902,1.0,0.9999999999999999,0.0,0,0,1.8764740546970688,0.8299438426141195,0.0,28,14,4,0.07803332293406129
127216,nested,compatible,adam,0.003,broadcast,1,1.2837398451917537,1.257845578815655,1.0,0.12570212941659628,3.801420893300034,0,0,1.8859583406676648,0.8299439980769511,0.0,28,14,4,0.07804226595908403
127216,nested,compatible,adam,0.003,global_projection,1,1.276424372500229,1.2508809382460362,1.0,0.842047225548094,0.5105869587655816,0,0,1.87754904122837,0.829943857390918,0.0,28,14,4,0.0780514309881255
127216,nested,compatible,adam,0.003,subtree_projection,1,1.2759032198865752,1.250412700330627,1.0,0.8651407100501174,0.4900909198034654,0,0,1.8782850298874767,0.8299439084944371,0.0,28,14,4,0.07806301093660295
127216,nested,compatible,adam,0.003,shuffled_projection,1,1.2759032198865752,1.250412700330627,1.0,0.8651407100501174,0.4900909198034654,0,0,1.8782850298874767,0.8299439084944371,0.0,28,14,4,0.07807209598831832
127216,nested,compatible,adam,0.01,exact,1,1.2544887081291451,1.2308297451787071,1.0,1.0,0.0,0,0,1.8627615242617994,0.8369434509083465,0.0,28,14,4,0.07808092690538615
127216,nested,compatible,adam,0.01,broadcast,1,1.2848326847457259,1.25912806081213,1.0,0.13817559366298077,3.8024613195275765,0,0,1.8944199969995663,0.8369439691177851,0.0,28,14,4,0.07808942592237145
127216,nested,compatible,adam,0.01,global_projection,1,1.261349653778817,1.2367736080845357,1.0,0.8505441537521766,0.502805743579498,0,0,1.8663687314192183,0.8369435001643419,0.0,28,14,4,0.07809830491896719
127216,nested,compatible,adam,0.01,subtree_projection,1,1.2596680166544925,1.2352594451519394,1.0,0.8739596397719798,0.4832690775496996,0,0,1.8688355781316026,0.8369436705094053,0.0,28,14,4,0.0781068759970367
127216,nested,compatible,adam,0.01,shuffled_projection,1,1.2596680166544925,1.2352594451519394,1.0,0.8739596397719798,0.4832690775496996,0,0,1.8688355781316026,0.8369436705094053,0.0,28,14,4,0.07811540691182017
127216,nested,compatible,adam,0.03,exact,1,1.209026145041665,1.189574955890696,1.0,0.9999999999999998,0.0,0,0,1.8271568486490095,0.8569423317489955,0.0,28,14,4,0.07812403095886111
127216,nested,compatible,adam,0.03,broadcast,1,1.2885451617848136,1.2634179387220574,1.0,0.17110999587898326,3.8043130687720517,0,0,1.9223272733150982,0.8569438863773111,0.0,28,14,4,0.07813259994145483
127216,nested,compatible,adam,0.03,global_projection,1,1.2250183636273464,1.2029515459651683,1.0,0.8763112836074528,0.4800650192324689,0,0,1.8381668495301253,0.8569424795169814,0.0,28,14,4,0.07814171595964581
127216,nested,compatible,adam,0.03,subtree_projection,1,1.2204807987151485,1.1988395411642905,1.0,0.9003776240958082,0.4631966136534283,0,0,1.8456705945371565,0.8569429905521717,0.0,28,14,4,0.07815042999573052
127216,nested,compatible,adam,0.03,shuffled_projection,1,1.2204807987151485,1.1988395411642905,1.0,0.9003776240958082,0.4631966136534283,0,0,1.8456705945371565,0.8569429905521717,0.0,28,14,4,0.07815892191138119
127216,nested,assignment_shuffled,sgd,0.003,exact,1,1.1443555227441893,1.103420591101166,1.0,1.0000000000000002,0.0,0,0,1.8820681317762336,0.8269320805474855,0.75,28,14,4,0.07816752593498677
127216,nested,assignment_shuffled,sgd,0.003,broadcast,1,1.144879571795229,1.1038719450265224,1.0,0.1444687581676844,3.800915375355457,0,0,1.8823704520218083,0.8269550195454382,0.75,28,14,4,0.07817607489414513
127216,nested,assignment_shuffled,sgd,0.003,global_projection,1,1.1445639834122638,1.1035943163973592,1.0,0.8563509619638202,0.5137734923068795,0,0,1.8823375191098888,0.8269438660190853,0.75,28,14,4,0.07818441791459918
127216,nested,assignment_shuffled,sgd,0.003,subtree_projection,1,1.1445497783571768,1.1035835388206494,1.0,0.8698338690264458,0.49287176918059855,0,0,1.8822996065818658,0.8269439426468972,0.75,28,14,4,0.07819317991379648
127216,nested,assignment_shuffled,sgd,0.003,shuffled_projection,1,1.1445497783571768,1.1035835388206494,1.0,0.8698338690264458,0.49287176918059855,0,0,1.8822996065818658,0.8269439426468972,0.75,28,14,4,0.07820189790800214
127216,nested,assignment_shuffled,sgd,0.01,exact,1,1.1432541364920212,1.1024932858571859,1.0,1.0000000000000002,0.0,0,0,1.8809607729252138,0.8269042440195664,0.75,28,14,4,0.07821050891652703
127216,nested,assignment_shuffled,sgd,0.01,broadcast,1,1.1449962073601405,1.1039931727724275,1.0,0.14414354343606653,3.8009317425891926,0,0,1.8819749062980198,0.8269807073460755,0.75,28,14,4,0.0782188659068197
127216,nested,assignment_shuffled,sgd,0.01,global_projection,1,1.1439440930136164,1.1030676065618557,1.0,0.8571124105452975,0.5135030291485074,0,0,1.8818578003396742,0.8269435289248993,0.75,28,14,4,0.0782273329095915
127216,nested,assignment_shuffled,sgd,0.01,subtree_projection,1,1.1438970200400824,1.103031932015987,1.0,0.8706618722853329,0.4926227611377601,0,0,1.8817314244888128,0.8269437843509388,0.75,28,14,4,0.07823594694491476
127216,nested,assignment_shuffled,sgd,0.01,shuffled_projection,1,1.1438970200400824,1.103031932015987,1.0,0.8706618722853329,0.4926227611377601,0,0,1.8817314244888128,0.8269437843509388,0.75,28,14,4,0.07824442989658564
127216,nested,assignment_shuffled,sgd,0.03,exact,1,1.1401622644915326,1.099897276629195,1.0,1.0,0.0,0,0,1.8778090455842171,0.8268247110826551,0.75,28,14,4,0.07825283997226506
127216,nested,assignment_shuffled,sgd,0.03,broadcast,1,1.145348094590846,1.1043576985548973,1.0,0.1431175573561703,3.8009205759260896,0,0,1.8809063200313856,0.8270541010621825,0.75,28,14,4,0.07826113793998957
127216,nested,assignment_shuffled,sgd,0.03,global_projection,1,1.1421903260792243,1.101579707281227,1.0,0.8593131593067173,0.5127285530426042,0,0,1.8804921280730134,0.8269425657986536,0.75,28,14,4,0.07826949597802013
127216,nested,assignment_shuffled,sgd,0.03,subtree_projection,1,1.1420514650725773,1.1014748142199964,1.0,0.8730546545691535,0.49190892167870226,0,0,1.8801129950191804,0.8269433320767723,0.75,28,14,4,0.07827785692643374
127216,nested,assignment_shuffled,sgd,0.03,shuffled_projection,1,1.1420514650725773,1.1014748142199964,1.0,0.8730546545691535,0.49190892167870226,0,0,1.8801129950191804,0.8269433320767723,0.75,28,14,4,0.07828644092660397
127216,nested,assignment_shuffled,adam,0.003,exact,1,1.1395757830107307,1.0993832215440495,1.0,1.0,0.0,0,0,1.8738950651313757,0.8239440180320474,0.75,28,14,4,0.07829480292275548
127216,nested,assignment_shuffled,adam,0.003,broadcast,1,1.1458364083674633,1.1047925442748228,1.0,0.14465577418494496,3.801458786127475,0,0,1.8852815253107813,0.8299440023129576,0.75,28,14,4,0.0783031249884516
127216,nested,assignment_shuffled,adam,0.003,global_projection,1,1.140325864806635,1.0999490411895052,1.0,0.8618577115193715,0.5105513687625403,0,0,1.8751367314221579,0.8239446333299748,0.75,28,14,4,0.07831142598297447
127216,nested,assignment_shuffled,adam,0.003,subtree_projection,1,1.1400759431011305,1.0997754336726389,1.0,0.8759298422658975,0.48981171496060494,0,0,1.8748662094906394,0.8239453365305772,0.75,28,14,4,0.07831976795569062
127216,nested,assignment_shuffled,adam,0.003,shuffled_projection,1,1.1400759431011305,1.0997754336726389,1.0,0.8759298422658975,0.48981171496060494,0,0,1.8748662094906394,0.8239453365305772,0.75,28,14,4,0.07832832797430456
127216,nested,assignment_shuffled,adam,0.01,exact,1,1.128294933205126,1.089971487326288,1.0,1.0000000000000002,0.0,0,0,1.8540873665419153,0.8169440356347732,0.75,28,14,4,0.07833702291827649
127216,nested,assignment_shuffled,adam,0.01,broadcast,1,1.1483158787136258,1.107189103161962,1.0,0.14396558963002803,3.802572170442444,0,0,1.8921730928497897,0.836943983237807,0.75,28,14,4,0.07834558095782995
127216,nested,assignment_shuffled,adam,0.01,global_projection,1,1.1306285239440057,1.0917121015316462,1.0,0.8764396841882424,0.5026529610078276,0,0,1.8582671375517146,0.8169460866278645,0.75,28,14,4,0.07835390290711075
127216,nested,assignment_shuffled,adam,0.01,subtree_projection,1,1.1298698819093642,1.0911896580216558,1.0,0.8920540373366699,0.48230187340705943,0,0,1.857357045136901,0.8169484306298725,0.75,28,14,4,0.07836207991931587
127216,nested,assignment_shuffled,adam,0.01,shuffled_projection,1,1.1298698819093642,1.0911896580216558,1.0,0.8920540373366699,0.48230187340705943,0,0,1.857357045136901,0.8169484306298725,0.75,28,14,4,0.07837025297340006
127216,nested,assignment_shuffled,adam,0.03,exact,1,1.1028930792167637,1.0696338161316687,1.0,0.9999999999999999,0.0,0,0,1.8004945510679422,0.7969440859282755,0.75,28,14,4,0.07837860600557178
127216,nested,assignment_shuffled,adam,0.03,broadcast,1,1.156457605117278,1.1150724358374782,1.0,0.13600494035120902,3.8045311719126973,0,0,1.9156768509693671,0.8569439287373769,0.75,28,14,4,0.07838686392642558
127216,nested,assignment_shuffled,adam,0.03,global_projection,1,1.1085135551006782,1.0736398968473626,1.0,0.9216487747121128,0.4793106488366842,0,0,1.813375512623828,0.7969502389075493,0.75,28,14,4,0.07839512696955353
127216,nested,assignment_shuffled,adam,0.03,subtree_projection,1,1.1067936876992275,1.072487312208867,1.0,0.941974646905591,0.4599900413824026,0,0,1.8105760876448427,0.7969572709135735,0.75,28,14,4,0.07840336195658892
127216,nested,assignment_shuffled,adam,0.03,shuffled_projection,1,1.1067936876992275,1.072487312208867,1.0,0.941974646905591,0.4599900413824026,0,0,1.8105760876448427,0.7969572709135735,0.75,28,14,4,0.0784123009070754
127216,nested,compatible,sgd,0.003,exact,16,1.2455792976627054,1.2213279071611511,1.0,1.0,0.0,0,0,1.8737563390642014,0.8268708635571659,0.0,28,14,4,0.1457291339756921
127216,nested,compatible,sgd,0.003,broadcast,16,1.2759209085196537,1.250055787659662,1.0,0.16591570293133584,3.7700583372111107,0,0,1.891530066528707,0.8270038444511706,0.0,28,14,4,0.14574597892351449
127216,nested,compatible,sgd,0.003,global_projection,16,1.2581396236968618,1.232646995428038,1.0,0.8411647264569364,0.5124662956327105,0,0,1.8756415990443478,0.826932318628927,0.0,28,14,4,0.1457569629419595
127216,nested,compatible,sgd,0.003,subtree_projection,16,1.255909008834726,1.2304160509218414,1.0,0.8615893643512745,0.49439431964757663,0,0,1.873865946594053,0.8269328212514591,0.0,28,14,4,0.1457667809445411
127216,nested,compatible,sgd,0.003,shuffled_projection,16,1.255909008834726,1.2304160509218414,1.0,0.8615893643512745,0.49439431964757663,0,0,1.873865946594053,0.8269328212514591,0.0,28,14,4,0.1457763349171728
127216,nested,compatible,sgd,0.01,exact,16,1.179010936817704,1.1577435593737535,1.0,0.9999999999999999,0.0,0,0,1.857829732794353,0.8266791441368283,0.0,28,14,4,0.14578528190031648
127216,nested,compatible,sgd,0.01,broadcast,16,1.2492133461473052,1.223696928897469,1.0,0.2618150848273847,3.6917230388483975,0,0,1.9145823342661095,0.8271725804758988,0.0,28,14,4,0.1457939149113372
127216,nested,compatible,sgd,0.01,global_projection,16,1.2076892805996864,1.1831075779906313,1.0,0.8466377277161369,0.5097383982617023,0,0,1.861746204124455,0.8269124040153927,0.0,28,14,4,0.14580250496510416
127216,nested,compatible,sgd,0.01,subtree_projection,16,1.2031658895271815,1.1785827547088659,1.0,0.8618838496044063,0.4970796719624681,0,0,1.856905662451641,0.826913568739703,0.0,28,14,4,0.14581106591504067
127216,nested,compatible,sgd,0.01,shuffled_projection,16,1.2031658895271815,1.1785827547088659,1.0,0.8618838496044063,0.4970796719624681,0,0,1.856905662451641,0.826913568739703,0.0,28,14,4,0.14582049194723368
127216,nested,compatible,sgd,0.03,exact,16,1.0741176950311642,1.0565602737934006,1.0,1.0,0.0,0,0,1.832540388203695,0.826071639358787,0.0,28,14,4,0.14583014196250588
127216,nested,compatible,sgd,0.03,broadcast,16,1.1211041534810664,1.097344510163582,1.0,0.45061639475561366,3.43827832899823,0,0,1.992766808925287,0.8279035199657871,0.0,28,14,4,0.145838925964199
127216,nested,compatible,sgd,0.03,global_projection,16,1.1085252274564839,1.0854288441962643,1.0,0.8549765235060572,0.5054911200338216,0,0,1.8348406534267259,0.8268915665359702,0.0,28,14,4,0.14584776491392404
127216,nested,compatible,sgd,0.03,subtree_projection,16,1.1070439638713419,1.0839791854563972,1.0,0.862197607407251,0.5009685928363932,0,0,1.826343139711877,0.8268917732752212,0.0,28,14,4,0.14585651399102062
127216,nested,compatible,sgd,0.03,shuffled_projection,16,1.1070439638713419,1.0839791854563972,1.0,0.862197607407251,0.5009685928363932,0,0,1.826343139711877,0.8268917732752212,0.0,28,14,4,0.14586505491752177
127216,nested,compatible,adam,0.003,exact,16,1.169316221341154,1.151708961973902,1.0,1.0,0.0,0,0,1.8228341637733079,0.8162977471012363,0.0,28,14,4,0.14587363798636943
127216,nested,compatible,adam,0.003,broadcast,16,1.274273720158159,1.2488959677817255,1.0,0.20381874704290695,3.7725714337097016,0,0,1.9125083309219073,0.8456187794202217,0.0,28,14,4,0.14588212000671774
127216,nested,compatible,adam,0.003,global_projection,16,1.1945701521677918,1.1733327004260996,1.0,0.8676444250178909,0.48598102866960907,0,0,1.8220326873552095,0.8364332346619485,0.0,28,14,4,0.14589067292399704
127216,nested,compatible,adam,0.003,subtree_projection,16,1.1925814081306498,1.171129640497118,1.0,0.886765360996261,0.4765823501722083,0,0,1.8223125696438298,0.8404782386262385,0.0,28,14,4,0.1458992469124496
127216,nested,compatible,adam,0.003,shuffled_projection,16,1.1925814081306498,1.171129640497118,1.0,0.886765360996261,0.4765823501722083,0,0,1.8223125696438298,0.8404782386262385,0.0,28,14,4,0.14590782497543842
127216,nested,compatible,adam,0.01,exact,16,1.035317478473715,1.0249513186698582,1.0,1.0,0.0,0,0,1.7448742661706975,0.8024962841125106,0.0,28,14,4,0.1459163709077984
127216,nested,compatible,adam,0.01,broadcast,16,1.233788613628275,1.2107450753440556,1.0,0.3571035560344829,3.8203817260789057,0,0,2.0090103937495405,0.9145195043103833,0.0,28,14,4,0.145924840006046
127216,nested,compatible,adam,0.01,global_projection,16,1.082201128611075,1.0638535037489447,1.0,0.9112407162491015,0.4262590648269503,0,0,1.7759778150639378,0.918147169631456,0.0,28,14,4,0.14593327092006803
127216,nested,compatible,adam,0.01,subtree_projection,16,1.0765834421785656,1.0584061551205846,1.0,0.9156934973931766,0.4419448681468077,0,0,1.7723034347131086,0.9297171650582952,0.0,28,14,4,0.14594181696884334
127216,nested,compatible,adam,0.01,shuffled_projection,16,1.0765834421785656,1.0584061551205846,1.0,0.9156934973931766,0.4419448681468077,0,0,1.7723034347131086,0.9297171650582952,0.0,28,14,4,0.14595041098073125
127216,nested,compatible,adam,0.03,exact,16,0.8779875585743813,0.8489258997418181,1.0,1.0000000000000002,0.0,0,0,1.7464940416919559,0.8841369288923816,0.0,28,14,4,0.14595894294325262
127216,nested,compatible,adam,0.03,broadcast,16,1.0327187098979147,1.0240671149684148,1.0,0.3947448630312008,4.5478328480421455,0,0,2.5120178348233635,1.1918469935282556,0.0,28,14,4,0.14596752997022122
127216,nested,compatible,adam,0.03,global_projection,16,1.0139591943864128,0.9845357460686632,1.0,0.6254580305645655,0.32693839903848076,0,0,1.9101382826927502,1.1420382002596654,0.0,28,14,4,0.14597644296009094
127216,nested,compatible,adam,0.03,subtree_projection,16,1.0041722752869418,0.978296173378318,1.0,0.7329723233678855,0.32410610200085604,0,0,1.8925359122289866,1.1347668431488442,0.0,28,14,4,0.14598503394518048
127216,nested,compatible,adam,0.03,shuffled_projection,16,1.0041722752869418,0.978296173378318,1.0,0.7329723233678855,0.32410610200085604,0,0,1.8925359122289866,1.1347668431488442,0.0,28,14,4,0.1459942819783464
127216,nested,assignment_shuffled,sgd,0.003,exact,16,1.1382998917869511,1.0981426146982245,1.0,0.9999999999999999,0.0,0,0,1.8782762093297796,0.826867902177823,0.75,28,14,4,0.14600315992720425
127216,nested,assignment_shuffled,sgd,0.003,broadcast,16,1.143942756464779,1.103083514041267,1.0,0.14956348740783038,3.792478076096723,0,0,1.8846898634344518,0.8270464237358567,0.75,28,14,4,0.1460117669776082
127216,nested,assignment_shuffled,sgd,0.003,global_projection,16,1.1404115613258088,1.0998484684332261,1.0,0.8573945599001671,0.5129967903671618,0,0,1.879850099588532,0.8269355992549307,0.75,28,14,4,0.14602053398266435
127216,nested,assignment_shuffled,sgd,0.003,subtree_projection,16,1.1401620660822265,1.0996211348870577,1.0,0.8703826624823288,0.4928747370343252,0,0,1.8792802186733073,0.8269385204859794,0.75,28,14,4,0.14602913800626993
127216,nested,assignment_shuffled,sgd,0.003,shuffled_projection,16,1.1401620660822265,1.0996211348870577,1.0,0.8703826624823288,0.4928747370343252,0,0,1.8792802186733073,0.8269385204859794,0.75,28,14,4,0.146037662983872
127216,nested,assignment_shuffled,sgd,0.01,exact,16,1.125842003439831,1.087261708548394,1.0,1.0,0.0,0,0,1.8692122218388783,0.8266792176114616,0.75,28,14,4,0.14604593289550394
127216,nested,assignment_shuffled,sgd,0.01,broadcast,16,1.1418951320356743,1.1014027000823594,1.0,0.1576968227063573,3.7728068988039856,0,0,1.8899430291952113,0.8273048022979028,0.75,28,14,4,0.14605432993266732
127216,nested,assignment_shuffled,sgd,0.01,global_projection,16,1.1312244031938583,1.0915941440657504,1.0,0.8600653999943227,0.51100572990817,0,0,1.8740512120534238,0.8269178476367747,0.75,28,14,4,0.14606272091623396
127216,nested,assignment_shuffled,sgd,0.01,subtree_projection,16,1.13057019000126,1.0910001838577281,1.0,0.8720491380573943,0.4925239548274092,0,0,1.87231154549632,0.8269268057104147,0.75,28,14,4,0.14607110689394176
127216,nested,assignment_shuffled,sgd,0.01,shuffled_projection,16,1.13057019000126,1.0910001838577281,1.0,0.8720491380573943,0.4925239548274092,0,0,1.87231154549632,0.8269268057104147,0.75,28,14,4,0.14607939997222275
127216,nested,assignment_shuffled,sgd,0.03,exact,16,1.1032735852785707,1.0670769303180831,1.0,0.9999999999999999,0.0,0,0,1.8481485416903944,0.8261215385627575,0.75,28,14,4,0.14610330993309617
127216,nested,assignment_shuffled,sgd,0.03,broadcast,16,1.1372143842535567,1.0978342752392165,1.0,0.15088349629596184,3.7186695433101886,0,0,1.9064780270804267,0.8282190011270887,0.75,28,14,4,0.1461117749568075
127216,nested,assignment_shuffled,sgd,0.03,global_projection,16,1.1116068026894155,1.0739614221589415,1.0,0.8638582813544445,0.5058790407515762,0,0,1.8604901854674825,0.8268784963499516,0.75,28,14,4,0.14612033194862306
127216,nested,assignment_shuffled,sgd,0.03,subtree_projection,16,1.1105652700677722,1.073025887694458,1.0,0.8735484354248939,0.49083174587034234,0,0,1.8562835662675088,0.8268998267574004,0.75,28,14,4,0.14612876099999994
127216,nested,assignment_shuffled,sgd,0.03,shuffled_projection,16,1.1105652700677722,1.073025887694458,1.0,0.8735484354248939,0.49083174587034234,0,0,1.8562835662675088,0.8268998267574004,0.75,28,14,4,0.14613726595416665
127216,nested,assignment_shuffled,adam,0.003,exact,16,1.0978895908032906,1.0644429542805824,1.0,1.0,0.0,0,0,1.7971549416079255,0.7951122622497143,0.75,28,14,4,0.14614568592514843
127216,nested,assignment_shuffled,adam,0.003,broadcast,16,1.1467698171913918,1.1063356206231147,1.0,0.14788365627744063,3.804522039892936,0,0,1.9074932790247279,0.8582139733581986,0.75,28,14,4,0.14615399693138897
127216,nested,assignment_shuffled,adam,0.003,global_projection,16,1.103727543259185,1.0681818536846355,1.0,0.8982138971472066,0.48248792025162407,0,0,1.8184875490552543,0.8099110897197822,0.75,28,14,4,0.14616232190746814
127216,nested,assignment_shuffled,adam,0.003,subtree_projection,16,1.1032393479066296,1.0677660881137583,1.0,0.9126128952416408,0.4689893065459351,0,0,1.8191976549888351,0.8124273433637619,0.75,28,14,4,0.1461707279086113
127216,nested,assignment_shuffled,adam,0.003,shuffled_projection,16,1.1032393479066296,1.0677660881137583,1.0,0.9126128952416408,0.4689893065459351,0,0,1.8191976549888351,0.8124273433637619,0.75,28,14,4,0.1461790839675814
127216,nested,assignment_shuffled,adam,0.01,exact,16,1.055396174327592,1.0258921355399608,1.0,1.0,0.0,0,0,1.6342522052635118,0.733182042505429,0.75,28,14,4,0.14618760789744556
127216,nested,assignment_shuffled,adam,0.01,broadcast,16,1.1560272752494325,1.117643795448176,1.0,0.06903737719353706,3.8970792098251232,0,0,1.9935498293558724,0.9456831843781066,0.75,28,14,4,0.1461960489396006
127216,nested,assignment_shuffled,adam,0.01,global_projection,16,1.0612987404274277,1.030871440910188,1.0,0.933794587026738,0.41755301437540443,0,0,1.730461182715856,0.7920842473704833,0.75,28,14,4,0.14620451896917075
127216,nested,assignment_shuffled,adam,0.01,subtree_projection,16,1.0596428745460686,1.029496930021484,1.0,0.9456973485176553,0.419174739663608,0,0,1.7268349734761637,0.7935796409769433,0.75,28,14,4,0.1462131249718368
127216,nested,assignment_shuffled,adam,0.01,shuffled_projection,16,1.0596428745460686,1.029496930021484,1.0,0.9456973485176553,0.419174739663608,0,0,1.7268349734761637,0.7935796409769433,0.75,28,14,4,0.14622161292936653
127216,nested,assignment_shuffled,adam,0.03,exact,16,1.049245869355715,1.0148766178434723,1.0,0.9999999999999999,0.0,0,0,1.3180071221497067,0.6129287054310215,0.75,28,14,4,0.14623013196978718
127216,nested,assignment_shuffled,adam,0.03,broadcast,16,1.1282680565064602,1.0989503998723054,1.0,0.26731461390950806,5.044428003282983,0,0,2.435722413695115,1.2420755210169059,0.75,28,14,4,0.1462387329665944
127216,nested,assignment_shuffled,adam,0.03,global_projection,16,1.0388679501379947,1.0076972844089278,1.0,0.726664815750549,0.2396954931852458,0,0,1.701500365373473,0.8373712635854659,0.75,28,14,4,0.14624738390557468
127216,nested,assignment_shuffled,adam,0.03,subtree_projection,16,1.0381545033099275,1.0071835257811885,1.0,0.7431589460379366,0.2665632882583395,0,0,1.687301020379538,0.8355566053064714,0.75,28,14,4,0.14625797397457063
127216,nested,assignment_shuffled,adam,0.03,shuffled_projection,16,1.0381545033099275,1.0071835257811885,1.0,0.7431589460379366,0.2665632882583395,0,0,1.687301020379538,0.8355566053064714,0.75,28,14,4,0.14626659092027694
127216,nested,compatible,sgd,0.003,exact,64,1.1608728209191457,1.140444007765361,1.0,1.0,0.0,0,0,1.855784737225038,0.8267081241590746,0.0,28,14,4,0.28052507096435875
127216,nested,compatible,sgd,0.003,broadcast,64,1.2370451969147018,1.2114597634468947,1.0,0.28968044522465414,3.66014195468097,0,0,1.921645301184794,0.827199484186762,0.0,28,14,4,0.2805430709850043
127216,nested,compatible,sgd,0.003,global_projection,64,1.1927897372215164,1.1683649929682953,1.0,0.8467506899674994,0.5095664014177516,0,0,1.8586881771871335,0.8269219533187779,0.0,28,14,4,0.2805541289271787
127216,nested,compatible,sgd,0.003,subtree_projection,64,1.1884524341754796,1.1640253691540194,1.0,0.860276273606673,0.4985105092049756,0,0,1.8532584782046337,0.8269245619325531,0.0,28,14,4,0.28056364599615335
127216,nested,compatible,sgd,0.003,shuffled_projection,64,1.1884524341754796,1.1640253691540194,1.0,0.860276273606673,0.4985105092049756,0,0,1.8532584782046337,0.8269245619325531,0.0,28,14,4,0.280572876916267
127216,nested,compatible,sgd,0.01,exact,64,1.0380687106631377,1.0218469226109377,1.0,1.0000000000000002,0.0,0,0,1.8337408103830244,0.8261295867593347,0.0,28,14,4,0.28058177093043923
127216,nested,compatible,sgd,0.01,broadcast,64,1.0457406947166603,1.0226076452169979,1.0,0.48890150004995964,3.2850892225272377,0,0,2.0323316668681666,0.896794749151416,0.0,28,14,4,0.28059930400922894
127216,nested,compatible,sgd,0.01,global_projection,64,1.0723580164841038,1.0495448689276508,1.0,0.8497574268487508,0.5065562371782535,0,0,1.8285588384019995,0.826920566946274,0.0,28,14,4,0.2806082309689373
127216,nested,compatible,sgd,0.01,subtree_projection,64,1.073997261499912,1.0512619263855378,1.0,0.8579740343808157,0.5037370527141276,0,0,1.8209251283981212,0.8269250815168528,0.0,28,14,4,0.280617224983871
127216,nested,compatible,sgd,0.01,shuffled_projection,64,1.073997261499912,1.0512619263855378,1.0,0.8579740343808157,0.5037370527141276,0,0,1.8209251283981212,0.8269250815168528,0.0,28,14,4,0.2806264579994604
127216,nested,compatible,sgd,0.03,exact,64,0.9098866851069025,0.8928735477852432,1.0,1.0,0.0,0,0,1.8541201680884807,0.8253451875972735,0.0,28,14,4,0.2806354569038376
127216,nested,compatible,sgd,0.03,broadcast,64,0.8983187539520826,0.8848374362385729,1.0,-0.26057745256465925,2.8419523300210674,0,0,2.2526850960602833,1.2664820722944645,0.0,28,14,4,0.2806444449815899
127216,nested,compatible,sgd,0.03,global_projection,64,0.9682684563024596,0.9458258000272229,1.0,0.6624661843470813,0.5152683947550039,0,0,1.814812601187267,0.827013886171834,0.0,28,14,4,0.2806535669369623
127216,nested,compatible,sgd,0.03,subtree_projection,64,0.9617020338983095,0.9397162934237228,1.0,0.870388983346822,0.4961887184293856,0,0,1.8228959383649364,0.8270132174511722,0.0,28,14,4,0.28066237294115126
127216,nested,compatible,sgd,0.03,shuffled_projection,64,0.9617020338983095,0.9397162934237228,1.0,0.870388983346822,0.4961887184293856,0,0,1.8228959383649364,0.8270132174511722,0.0,28,14,4,0.2806709979195148
127216,nested,compatible,adam,0.003,exact,64,0.9913147848119968,0.9777178414586264,1.0,1.0,0.0,0,0,1.8230582608520558,0.8064581231751986,0.0,28,14,4,0.2806799520039931
127216,nested,compatible,adam,0.003,broadcast,64,1.189373657801686,1.1656659762176809,1.0,0.38170219297246677,3.7746492763903112,0,0,2.032514379973756,0.9462226168757601,0.0,28,14,4,0.2806885299505666
127216,nested,compatible,adam,0.003,global_projection,64,1.0643802463042102,1.0428900695736067,1.0,0.8185258234136514,0.428327602053734,0,0,1.7751974696825916,0.8824957901256236,0.0,28,14,4,0.2807029269170016
127216,nested,compatible,adam,0.003,subtree_projection,64,1.05946036300322,1.0383893743931778,1.0,0.819441009432062,0.45502723760060554,0,0,1.7755194650151092,0.8989364059297708,0.0,28,14,4,0.28071150998584926
127216,nested,compatible,adam,0.003,shuffled_projection,64,1.05946036300322,1.0383893743931778,1.0,0.819441009432062,0.45502723760060554,0,0,1.7755194650151092,0.8989364059297708,0.0,28,14,4,0.2807200829265639
127216,nested,compatible,adam,0.01,exact,64,0.5441010936068658,0.5148292004223345,1.0,1.0,0.0,0,0,2.2425059918378634,1.101264347651212,0.0,28,14,4,0.2807287569157779
127216,nested,compatible,adam,0.01,broadcast,64,0.8632611001808895,0.84122051587562,1.0,0.6754264329317127,4.958073395733801,0,0,2.649443113021986,1.38599883628043,0.0,28,14,4,0.28073835594113916
127216,nested,compatible,adam,0.01,global_projection,64,0.9790538004596869,0.9520778600152809,1.0,0.538949259466908,0.4221460921938974,0,0,2.004628877804448,1.19573440823862,0.0,28,14,4,0.2807471619453281
127216,nested,compatible,adam,0.01,subtree_projection,64,0.9148667947091336,0.8902506560494472,1.0,0.5928354811182583,0.4383944407862782,0,0,2.0644175985021613,1.2450029196938077,0.0,28,14,4,0.2807558618951589
127216,nested,compatible,adam,0.01,shuffled_projection,64,0.9148667947091336,0.8902506560494472,1.0,0.5928354811182583,0.4383944407862782,0,0,2.0644175985021613,1.2450029196938077,0.0,28,14,4,0.2807649339083582
127216,nested,compatible,adam,0.03,exact,64,0.06459672087812188,0.04234516665309931,1.0,0.9999999999999998,0.0,0,0,2.7473549521994363,1.4268111970842867,0.0,28,14,4,0.2807735149981454
127216,nested,compatible,adam,0.03,broadcast,64,0.7518048598242411,0.7306507485393396,1.0,0.8379057881801298,4.239753328640497,0,11,3.471156914235966,2.0,0.0,28,14,4,0.2807820199523121
127216,nested,compatible,adam,0.03,global_projection,64,0.9417233111346961,0.9566353097961245,1.0,0.24269428014942357,0.713857144517815,0,1,3.170335768311023,2.0,0.0,28,14,4,0.2807904459768906
127216,nested,compatible,adam,0.03,subtree_projection,64,0.30376020429255945,0.28760548492530813,1.0,0.06731450766647294,0.5432955891266598,0,0,3.0784825508855738,1.716758419914106,0.0,28,14,4,0.28079900599550456
127216,nested,compatible,adam,0.03,shuffled_projection,64,0.30376020429255945,0.28760548492530813,1.0,0.06731450766647294,0.5432955891266598,0,0,3.0784825508855738,1.716758419914106,0.0,28,14,4,0.2808077000081539
127216,nested,assignment_shuffled,sgd,0.003,exact,64,1.1163429567072214,1.0789977328457705,1.0,1.0,0.0,0,0,1.8656647775520012,0.8265367686625585,0.75,28,14,4,0.28081663395278156
127216,nested,assignment_shuffled,sgd,0.003,broadcast,64,1.1363992144570174,1.0963949860963826,1.0,0.17750964380760534,3.748682566885661,0,0,1.8970095491037386,0.8274515198472197,0.75,28,14,4,0.2808253129478544
127216,nested,assignment_shuffled,sgd,0.003,global_projection,64,1.1238657841131081,1.0847836332363896,1.0,0.8578365751007561,0.5107823250654864,0,0,1.8705399372273706,0.826891346296026,0.75,28,14,4,0.28083433397114277
127216,nested,assignment_shuffled,sgd,0.003,subtree_projection,64,1.1228218254383728,1.0838336498960741,1.0,0.8680228805237704,0.49425992498256094,0,0,1.8676203325544898,0.8269086797363062,0.75,28,14,4,0.2808433308964595
127216,nested,assignment_shuffled,sgd,0.003,shuffled_projection,64,1.1228218254383728,1.0838336498960741,1.0,0.8680228805237704,0.49425992498256094,0,0,1.8676203325544898,0.8269086797363062,0.75,28,14,4,0.28085199592169374
127216,nested,assignment_shuffled,sgd,0.01,exact,64,1.0807051282826705,1.0481404561534102,1.0,1.0000000000000002,0.0,0,0,1.8387199860702583,0.8256889219538992,0.75,28,14,4,0.28086279798299074
127216,nested,assignment_shuffled,sgd,0.01,broadcast,64,1.1170707370382533,1.0799191755142674,1.0,0.15394645211304625,3.6248093699056847,0,0,1.9337157667521951,0.8287016325875151,0.75,28,14,4,0.2808714029379189
127216,nested,assignment_shuffled,sgd,0.01,global_projection,64,1.091756755232624,1.0560180475782048,1.0,0.855904036162438,0.5052072595268188,0,0,1.8500289657267381,0.8268037388653372,0.75,28,14,4,0.28087972197681665
127216,nested,assignment_shuffled,sgd,0.01,subtree_projection,64,1.0907286928242463,1.0551040105134935,1.0,0.8620088380051575,0.4950912116298609,0,0,1.843192364014327,0.826849690784198,0.75,28,14,4,0.280888368957676
127216,nested,assignment_shuffled,sgd,0.01,shuffled_projection,64,1.0907286928242463,1.0551040105134935,1.0,0.8620088380051575,0.4950912116298609,0,0,1.843192364014327,0.826849690784198,0.75,28,14,4,0.2808968659956008
127216,nested,assignment_shuffled,sgd,0.03,exact,64,1.047532167432171,1.0196085362225964,1.0,0.9999999999999999,0.0,0,0,1.8003170518204992,0.8240288011037746,0.75,28,14,4,0.28090537094976753
127216,nested,assignment_shuffled,sgd,0.03,broadcast,64,1.137694893945881,1.1071912268783377,1.0,-0.46666151841839154,3.4165954266486582,0,0,2.0379509273000393,0.8794468392869667,0.75,28,14,4,0.28091380395926535
127216,nested,assignment_shuffled,sgd,0.03,global_projection,64,1.0559594245075794,1.0252886964294232,1.0,0.8048239013003429,0.49528087425933426,0,0,1.8203954208552688,0.826701206593961,0.75,28,14,4,0.2809225230012089
127216,nested,assignment_shuffled,sgd,0.03,subtree_projection,64,1.0561270395100604,1.0253810789806614,1.0,0.8202854389161595,0.48972785208665015,0,0,1.810159013613554,0.8267800095029764,0.75,28,14,4,0.28093094390351325
127216,nested,assignment_shuffled,sgd,0.03,shuffled_projection,64,1.0561270395100604,1.0253810789806614,1.0,0.8202854389161595,0.48972785208665015,0,0,1.810159013613554,0.8267800095029764,0.75,28,14,4,0.2809393659699708
127216,nested,assignment_shuffled,adam,0.003,exact,64,1.0460319800179083,1.0174422804102403,1.0,1.0,0.0,0,0,1.664193402875497,0.7377849111942103,0.75,28,14,4,0.2809478029375896
127216,nested,assignment_shuffled,adam,0.003,broadcast,64,1.1235152305970686,1.0876772033761417,1.0,0.038658131625043536,3.8486378897211972,0,0,2.0161743786514656,0.9642367636276793,0.75,28,14,4,0.28095616796053946
127216,nested,assignment_shuffled,adam,0.003,global_projection,64,1.0520383177275356,1.0212149949194034,1.0,0.8683713147681618,0.41749746424628653,0,0,1.7366877803213356,0.8191881268961603,0.75,28,14,4,0.2809646700043231
127216,nested,assignment_shuffled,adam,0.003,subtree_projection,64,1.0499725678349592,1.0195491872578997,1.0,0.8719324400010484,0.43079758260695317,0,0,1.7511167213747099,0.8671663223722186,0.75,28,14,4,0.28097307891584933
127216,nested,assignment_shuffled,adam,0.003,shuffled_projection,64,1.0499725678349592,1.0195491872578997,1.0,0.8719324400010484,0.43079758260695317,0,0,1.7511167213747099,0.8671663223722186,0.75,28,14,4,0.2809816359076649
127216,nested,assignment_shuffled,adam,0.01,exact,64,1.0291472509431545,1.0046509755072321,1.0,0.9999999999999999,0.0,0,0,1.5203735034751387,0.6853395630116395,0.75,28,14,4,0.2809901610016823
127216,nested,assignment_shuffled,adam,0.01,broadcast,64,1.0428884491174932,1.0162357969647962,1.0,0.4647460433502089,5.933475161413628,0,0,2.450869411696186,1.1668899971668052,0.75,28,14,4,0.2809986249776557
127216,nested,assignment_shuffled,adam,0.01,global_projection,64,1.0222792052010972,0.9972988888461265,1.0,0.5214855563140176,0.3027348629576452,0,0,1.920916782896021,1.1651484144012965,0.75,28,14,4,0.28100701491348445
127216,nested,assignment_shuffled,adam,0.01,subtree_projection,64,1.016830471193897,0.9917163355021961,1.0,0.6253994892786002,0.3137452595999272,0,0,1.945884971305869,1.2539402285382442,0.75,28,14,4,0.2810188200091943
127216,nested,assignment_shuffled,adam,0.01,shuffled_projection,64,1.016830471193897,0.9917163355021961,1.0,0.6253994892786002,0.3137452595999272,0,0,1.945884971305869,1.2539402285382442,0.75,28,14,4,0.2810275099473074
127216,nested,assignment_shuffled,adam,0.03,exact,64,1.024463345693577,1.0027926147765682,1.0,1.0,0.0,0,0,1.1634233482703757,0.5066747589334379,0.75,28,14,4,0.2810361939482391
127216,nested,assignment_shuffled,adam,0.03,broadcast,64,1.0409869501798357,1.0170482133340943,1.0,0.9654924881120276,5.8668967107518055,0,0,2.844991751848689,1.449488101646717,0.75,28,14,4,0.2810446679359302
127216,nested,assignment_shuffled,adam,0.03,global_projection,64,0.8611370531576449,0.8413557709007128,1.0,0.8126858617819155,0.5340945828575551,0,0,2.6025649804353255,1.3721571413580589,0.75,28,14,4,0.2810533109586686
127216,nested,assignment_shuffled,adam,0.03,subtree_projection,64,0.8659359397626749,0.8466087920817802,1.0,0.736861986827288,0.521989470740254,0,0,2.599706723418918,1.5682625671264834,0.75,28,14,4,0.2810616829665378
127216,nested,assignment_shuffled,adam,0.03,shuffled_projection,64,0.8659359397626749,0.8466087920817802,1.0,0.736861986827288,0.521989470740254,0,0,2.599706723418918,1.5682625671264834,0.75,28,14,4,0.2810702209826559
127216,nested,compatible,sgd,0.003,exact,256,1.012100352707415,0.9962706351028745,1.0,0.9999999999999998,0.0,0,0,1.8338401288893784,0.82610031593762,0.0,28,14,4,0.7049167959485203
127216,nested,compatible,sgd,0.003,broadcast,256,0.9895206898216881,0.9672563283061391,1.0,0.48909855858278695,3.169503875411345,0,0,2.067529624435138,0.9561655285770715,0.0,28,14,4,0.7049345589475706
127216,nested,compatible,sgd,0.003,global_projection,256,1.0469419026184092,1.0240674702272887,1.0,0.8389398692496096,0.5072788562712605,0,0,1.8233882055044308,0.8269453770585382,0.0,28,14,4,0.7049454239895567
127216,nested,compatible,sgd,0.003,subtree_projection,256,1.0501846741051943,1.0274459173866468,1.0,0.8526724412435099,0.5050384872379627,0,0,1.816825226124093,0.8269513864202735,0.0,28,14,4,0.7049555199919268
127216,nested,compatible,sgd,0.003,shuffled_projection,256,1.0501846741051943,1.0274459173866468,1.0,0.8526724412435099,0.5050384872379627,0,0,1.816825226124093,0.8269513864202735,0.0,28,14,4,0.7049648839747533
127216,nested,compatible,sgd,0.01,exact,256,0.8507950922568088,0.8341257005366235,1.0,1.0,0.0,0,0,1.893029335605521,0.8266080066943055,0.0,28,14,4,0.7049737588968128
127216,nested,compatible,sgd,0.01,broadcast,256,0.9703178415060952,0.9607060032276517,1.0,-0.16994602497044592,3.000097335449582,0,0,2.3141097821220162,1.3101452811973842,0.0,28,14,4,0.704982650000602
127216,nested,compatible,sgd,0.01,global_projection,256,0.9509877349299292,0.9289684256190385,1.0,0.4837084268360282,0.5225941720522508,0,0,1.8209957070905713,0.8270941287824208,0.0,28,14,4,0.7049913759110495
127216,nested,compatible,sgd,0.01,subtree_projection,256,0.9208350650240317,0.8994973612334541,1.0,0.9046729309587761,0.4930263762331468,0,0,1.846574258231727,0.8271141574257689,0.0,28,14,4,0.705000213929452
127216,nested,compatible,sgd,0.01,shuffled_projection,256,0.9208350650240317,0.8994973612334541,1.0,0.9046729309587761,0.4930263762331468,0,0,1.846574258231727,0.8271141574257689,0.0,28,14,4,0.7050089529948309
127216,nested,compatible,sgd,0.03,exact,256,0.5398244296231733,0.5133526028928009,1.0,0.9999999999999998,0.0,0,0,2.1546684868767465,1.0415420887349331,0.0,28,14,4,0.7050178250065073
127216,nested,compatible,sgd,0.03,broadcast,256,0.7707657408850807,0.7478611936721798,1.0,0.8426863340852723,4.7390126376178365,0,0,2.730166488885196,1.4405919467504675,0.0,28,14,4,0.705033887992613
127216,nested,compatible,sgd,0.03,global_projection,256,0.9182997493392127,0.8977534441549935,1.0,0.647935378293107,0.5356651129935933,0,0,1.8535757213563362,0.827219960750665,0.0,28,14,4,0.7050426990026608
127216,nested,compatible,sgd,0.03,subtree_projection,256,0.7289798644685722,0.7086401797595527,1.0,0.809303446768059,0.5066768053025872,0,0,2.0077761038778186,0.9499343856348734,0.0,28,14,4,0.7050513199064881
127216,nested,compatible,sgd,0.03,shuffled_projection,256,0.7289798644685722,0.7086401797595527,1.0,0.809303446768059,0.5066768053025872,0,0,2.0077761038778186,0.9499343856348734,0.0,28,14,4,0.7050600169459358
127216,nested,compatible,adam,0.003,exact,256,0.2568030159135831,0.2272520721379696,1.0,1.0000000000000002,0.0,0,0,2.688052680094914,1.5628103734435264,0.0,28,14,4,0.7050690529868007
127216,nested,compatible,adam,0.003,broadcast,256,0.8299653051979947,0.809208540599734,1.0,0.747043218346471,4.9201405321405405,0,0,2.448830521181054,1.1177192121528403,0.0,28,14,4,0.7050776568939909
127216,nested,compatible,adam,0.003,global_projection,256,0.8538273838921703,0.8376784777910027,1.0,0.36248249435100105,0.5294008914696761,0,0,2.1750055013219116,1.2318241659666906,0.0,28,14,4,0.705086326925084
127216,nested,compatible,adam,0.003,subtree_projection,256,0.2640882672260858,0.24521853941004906,1.0,0.7621294816590897,0.3825306573961207,0,0,2.6548760320439873,1.4136496072697216,0.0,28,14,4,0.7050947109237313
127216,nested,compatible,adam,0.003,shuffled_projection,256,0.2640882672260858,0.24521853941004906,1.0,0.7621294816590897,0.3825306573961207,0,0,2.6548760320439873,1.4136496072697216,0.0,28,14,4,0.7051034528994933
127216,nested,compatible,adam,0.01,exact,256,0.02332910127177039,0.0008219208226727728,1.0,1.0000000000000002,0.0,0,0,2.8731868741780513,1.7321772654461338,0.0,28,14,4,0.70511198497843
127216,nested,compatible,adam,0.01,broadcast,256,0.7740502232233056,0.7510402549974999,1.0,0.7816687616034373,4.519015154553953,0,0,3.0912569429560626,1.7418135237424852,0.0,28,14,4,0.7051203929586336
127216,nested,compatible,adam,0.01,global_projection,256,0.042802479362388526,0.020373524586743838,1.0,0.3441456525148814,0.6888077215276307,0,42,2.934246705690974,1.528955112363394,0.0,28,14,4,0.705129117006436
127216,nested,compatible,adam,0.01,subtree_projection,256,0.02591604120731687,0.0032778706021115945,1.0,0.6717618395300871,0.5979236977702258,0,33,3.144794131268906,1.8100271902789897,0.0,28,14,4,0.7051376559538767
127216,nested,compatible,adam,0.01,shuffled_projection,256,0.02591604120731687,0.0032778706021115945,1.0,0.6717618395300871,0.5979236977702258,0,33,3.144794131268906,1.8100271902789897,0.0,28,14,4,0.7051464288961142
127216,nested,compatible,adam,0.03,exact,256,0.027824945924073016,0.00501922596728835,1.0,1.0,0.0,0,0,2.716143067917087,1.3655624813816891,0.0,28,14,4,0.7051552179036662
127216,nested,compatible,adam,0.03,broadcast,256,1.0564897142067728,1.0194357008100483,1.0,0.9992988520805318,4.155844313708468,28,33,5.423332350700606,2.0,0.0,28,14,4,0.7051637409022078
127216,nested,compatible,adam,0.03,global_projection,256,0.14923774952707908,0.12619247887374557,1.0,0.6808862303338046,0.756148837682044,0,58,4.227534499850211,1.993716849540846,0.0,28,14,4,0.7051722859032452
127216,nested,compatible,adam,0.03,subtree_projection,256,0.32206921897431445,0.2999910924786808,1.0,0.8816556126634102,0.04551589046513396,0,175,4.324334315755738,2.0,0.0,28,14,4,0.7051810289267451
127216,nested,compatible,adam,0.03,shuffled_projection,256,0.32206921897431445,0.2999910924786808,1.0,0.8816556126634102,0.04551589046513396,0,175,4.324334315755738,2.0,0.0,28,14,4,0.7051934069022536
127216,nested,assignment_shuffled,sgd,0.003,exact,256,1.075385938091642,1.0435786722399008,1.0,0.9999999999999999,0.0,0,0,1.8335897167623691,0.8254472991307672,0.75,28,14,4,0.7052031089551747
127216,nested,assignment_shuffled,sgd,0.003,broadcast,256,1.111927022484141,1.075262020071882,1.0,0.12929204419551224,3.5975336031472187,0,0,1.9424364217856964,0.8291503083019686,0.75,28,14,4,0.7052122589666396
127216,nested,assignment_shuffled,sgd,0.003,global_projection,256,1.0858631509483294,1.0509280027614802,1.0,0.8560399392395093,0.5039100285612353,0,0,1.8451388391463703,0.8267708133090123,0.75,28,14,4,0.7052212778944522
127216,nested,assignment_shuffled,sgd,0.003,subtree_projection,256,1.0850687104958747,1.0502190886958815,1.0,0.8618059557978887,0.49525071390323466,0,0,1.8380859574371584,0.8268309930614666,0.75,28,14,4,0.7052299719071016
127216,nested,assignment_shuffled,sgd,0.003,shuffled_projection,256,1.0850687104958747,1.0502190886958815,1.0,0.8618059557978887,0.49525071390323466,0,0,1.8380859574371584,0.8268309930614666,0.75,28,14,4,0.7052384609123692
127216,nested,assignment_shuffled,sgd,0.01,exact,256,1.0450111339940502,1.0172682784728464,1.0,0.9999999999999999,0.0,0,0,1.7927660188969043,0.823205269202507,0.75,28,14,4,0.7052469549234957
127216,nested,assignment_shuffled,sgd,0.01,broadcast,256,1.1770741305241912,1.1454476820350878,1.0,-0.40953908888932516,3.4965811379354594,0,0,2.0579637982093457,0.8721317225498001,0.75,28,14,4,0.7052554209949449
127216,nested,assignment_shuffled,sgd,0.01,global_projection,256,1.0518976324300198,1.022502268576868,1.0,0.8001011741854035,0.49176504278666044,0,0,1.812891518830564,0.8266321791649468,0.75,28,14,4,0.7052638939348981
127216,nested,assignment_shuffled,sgd,0.01,subtree_projection,256,1.052032000656328,1.022556796855683,1.0,0.8198685253336677,0.4872505123259184,0,0,1.8035947734749662,0.8267336843377552,0.75,28,14,4,0.7052722699008882
127216,nested,assignment_shuffled,sgd,0.01,shuffled_projection,256,1.052032000656328,1.022556796855683,1.0,0.8198685253336677,0.4872505123259184,0,0,1.8035947734749662,0.8267336843377552,0.75,28,14,4,0.7052808929001912
127216,nested,assignment_shuffled,sgd,0.03,exact,256,1.036116977607181,1.0093827886384066,1.0,1.0000000000000002,0.0,0,0,1.7579026282035422,0.8209032010666818,0.75,28,14,4,0.7052928989287466
127216,nested,assignment_shuffled,sgd,0.03,broadcast,256,1.032906744853735,1.006408754663767,1.0,0.7712592725413796,6.121175942618602,0,0,2.4997355096674037,1.2739586495887347,0.75,28,14,4,0.7053016849095002
127216,nested,assignment_shuffled,sgd,0.03,global_projection,256,1.0406555895566738,1.0142226808890134,1.0,0.7619949933730162,0.4678088439260224,0,0,1.789872420116389,0.8268367141392896,0.75,28,14,4,0.7053105869563296
127216,nested,assignment_shuffled,sgd,0.03,subtree_projection,256,1.0404188070814615,1.0139548292925957,1.0,0.7862114596323566,0.45933283480581494,0,0,1.7776701443971312,0.8269322197079289,0.75,28,14,4,0.7053192049497738
127216,nested,assignment_shuffled,sgd,0.03,shuffled_projection,256,1.0404188070814615,1.0139548292925957,1.0,0.7862114596323566,0.45933283480581494,0,0,1.7776701443971312,0.8269322197079289,0.75,28,14,4,0.7053277789382264
127216,nested,assignment_shuffled,adam,0.003,exact,256,1.0348072551005714,1.0082473834990704,1.0,1.0,0.0,0,0,1.6874587317099459,0.7940167065538957,0.75,28,14,4,0.7053362799342722
127216,nested,assignment_shuffled,adam,0.003,broadcast,256,1.0456571784153168,1.017797450200438,1.0,0.6561323502807787,6.0003593269471684,0,0,2.421442002386293,1.3106178883186084,0.75,28,14,4,0.7053447039797902
127216,nested,assignment_shuffled,adam,0.003,global_projection,256,0.9995480546498416,0.9771099690293582,1.0,0.7382803948849068,0.4098574330898126,0,0,2.244609973455428,1.4904549537974672,0.75,28,14,4,0.7053535389713943
127216,nested,assignment_shuffled,adam,0.003,subtree_projection,256,0.9748552021060508,0.9529909140641716,1.0,0.6721012385212138,0.4495278445008349,0,0,2.3689284696405584,1.6455141036252696,0.75,28,14,4,0.705364798894152
127216,nested,assignment_shuffled,adam,0.003,shuffled_projection,256,0.9748552021060508,0.9529909140641716,1.0,0.6721012385212138,0.4495278445008349,0,0,2.3689284696405584,1.6455141036252696,0.75,28,14,4,0.7053731139749289
127216,nested,assignment_shuffled,adam,0.01,exact,256,1.038832771548539,1.0125998609934748,1.0,1.0000000000000002,0.0,0,0,1.611526761652526,0.6312772672444389,0.75,28,14,4,0.7053819249849766
127216,nested,assignment_shuffled,adam,0.01,broadcast,256,1.02849485833364,1.0058684418487531,1.0,0.6139802821155594,5.686711933329121,0,64,2.9689444133951266,2.0,0.75,28,14,4,0.7053903269115835
127216,nested,assignment_shuffled,adam,0.01,global_projection,256,0.7800092179505602,0.7580734358751525,1.0,0.748928814385519,0.5967504945300851,0,0,2.5675169504671187,1.268729838873095,0.75,28,14,4,0.7053989459527656
127216,nested,assignment_shuffled,adam,0.01,subtree_projection,256,0.7969646404081496,0.774396543964633,1.0,0.4155474093213564,0.4545178493413561,0,0,2.4158204068064237,1.2349813110319976,0.75,28,14,4,0.7054072569590062
127216,nested,assignment_shuffled,adam,0.01,shuffled_projection,256,0.7969646404081496,0.774396543964633,1.0,0.4155474093213564,0.4545178493413561,0,0,2.4158204068064237,1.2349813110319976,0.75,28,14,4,0.7054156539961696
127216,nested,assignment_shuffled,adam,0.03,exact,256,0.7843770738044618,0.7578188759529956,1.0,1.0,0.0,0,0,2.370838096765707,1.3423614988536032,0.75,28,14,4,0.7054239489370957
127216,nested,assignment_shuffled,adam,0.03,broadcast,256,1.0444180375378047,1.0276251729555261,1.0,0.9293358689261592,6.076544735731913,2,46,4.449564742141195,2.0,0.75,28,14,4,0.7054322049953043
127216,nested,assignment_shuffled,adam,0.03,global_projection,256,0.8265615439795652,0.8017197813933821,1.0,0.9769450948522189,0.4020287314826238,0,0,3.3947672617031266,1.841941327985578,0.75,28,14,4,0.7054415229940787
127216,nested,assignment_shuffled,adam,0.03,subtree_projection,256,0.7955644242133743,0.7752502536632733,1.0,0.8568970105315562,0.30117489994790303,0,0,2.946735113861248,1.972143844627131,0.75,28,14,4,0.7054501239908859
127216,nested,assignment_shuffled,adam,0.03,shuffled_projection,256,0.7955644242133743,0.7752502536632733,1.0,0.8568970105315562,0.30117489994790303,0,0,2.946735113861248,1.972143844627131,0.75,28,14,4,0.7054588249884546
127216,nested,compatible,sgd,0.003,exact,1024,0.806975480111731,0.7898199314695804,1.0,1.0,0.0,0,0,1.9213593038406829,0.8284436385370599,0.0,28,14,4,2.2899018439929932
127216,nested,compatible,sgd,0.003,broadcast,1024,0.9699047267053821,0.9602657013061846,1.0,0.11434285672722574,3.5955087738521656,0,0,2.3974205942495495,1.344182711131337,0.0,28,14,4,2.28992244892288
127216,nested,compatible,sgd,0.003,global_projection,1024,0.948299927425512,0.9263299194601273,1.0,0.44509391451264746,0.5246658993756997,0,0,1.8237904546361656,0.827064120956669,0.0,28,14,4,2.289933510008268
127216,nested,compatible,sgd,0.003,subtree_projection,1024,0.8968809123338604,0.8756613356836004,1.0,0.8979607934691587,0.4919898740195938,0,0,1.8608006858449546,0.8271160412697679,0.0,28,14,4,2.289943167939782
127216,nested,compatible,sgd,0.003,shuffled_projection,1024,0.8968809123338604,0.8756613356836004,1.0,0.8979607934691587,0.4919898740195938,0,0,1.8608006858449546,0.8271160412697679,0.0,28,14,4,2.2899522989755496
127216,nested,compatible,sgd,0.01,exact,1024,0.4663884864389627,0.43838328718487335,1.0,0.9999999999999998,0.0,0,0,2.2519716873676914,1.0871001203971877,0.0,28,14,4,2.289962434908375
127216,nested,compatible,sgd,0.01,broadcast,1024,0.7704025748116198,0.748606669514537,1.0,0.6967989943879596,4.789072306689319,0,0,2.7158747632654032,1.436250258409973,0.0,28,14,4,2.289977422915399
127216,nested,compatible,sgd,0.01,global_projection,1024,0.899005602587946,0.8784327102680205,1.0,0.6737645920082134,0.5407469025824634,0,0,1.8711008315413988,0.8269531224476697,0.0,28,14,4,2.2899862909689546
127216,nested,compatible,sgd,0.01,subtree_projection,1024,0.6493323969619619,0.627805409731634,1.0,0.7643040440693665,0.5671716794142306,0,0,2.1236429934583327,1.0773080726809603,0.0,28,14,4,2.2899950799765065
127216,nested,compatible,sgd,0.01,shuffled_projection,1024,0.6493323969619619,0.627805409731634,1.0,0.7643040440693665,0.5671716794142306,0,0,2.1236429934583327,1.0773080726809603,0.0,28,14,4,2.2900057989172637
127216,nested,compatible,sgd,0.03,exact,1024,0.022665664792397962,0.0002156211297014124,1.0,1.0000000000000002,0.0,0,0,2.6916276115317546,1.2051586971914858,0.0,28,14,4,2.290016089915298
127216,nested,compatible,sgd,0.03,broadcast,1024,0.7821544850124797,0.7483077146666577,1.0,0.9397978469120496,4.636794677524253,0,0,2.9821900090676996,1.4550495828988743,0.0,28,14,4,2.290024763904512
127216,nested,compatible,sgd,0.03,global_projection,1024,0.4728115333409334,0.45079667079679087,1.0,0.44606488956455254,0.679553830198817,0,0,2.4038709613370575,1.1773774617587707,0.0,28,14,4,2.2900333179859444
127216,nested,compatible,sgd,0.03,subtree_projection,1024,0.1895761877545466,0.16994165437454709,1.0,0.7478148413144649,0.47756816279740216,0,0,2.7494257584088846,1.22840471379693,0.0,28,14,4,2.290042979991995
127216,nested,compatible,sgd,0.03,shuffled_projection,1024,0.1895761877545466,0.16994165437454709,1.0,0.7478148413144649,0.47756816279740216,0,0,2.7494257584088846,1.22840471379693,0.0,28,14,4,2.290051992982626
127216,nested,compatible,adam,0.003,exact,1024,0.02270023651945069,0.00021401591539862175,1.0,1.0000000000000002,0.0,0,0,2.8695014147950757,1.7420094652683167,0.0,28,14,4,2.290060454979539
127216,nested,compatible,adam,0.003,broadcast,1024,0.7772821638364578,0.7515906600620283,1.0,0.7936512011081416,4.524127117649277,0,0,2.7987236768884447,1.305665135680489,0.0,28,14,4,2.2900689219823107
127216,nested,compatible,adam,0.003,global_projection,1024,0.3146903139065104,0.2889851473629619,1.0,0.44310639430115756,0.7686610705971098,0,332,4.16442975733177,2.0,0.0,28,14,4,2.290077636949718
127216,nested,compatible,adam,0.003,subtree_projection,1024,0.32382127559579693,0.29852403332023225,1.0,0.7490485725225302,0.06391175008067439,0,475,4.378476958696718,2.0,0.0,28,14,4,2.290086205000989
127216,nested,compatible,adam,0.003,shuffled_projection,1024,0.32382127559579693,0.29852403332023225,1.0,0.7490485725225302,0.06391175008067439,0,475,4.378476958696718,2.0,0.0,28,14,4,2.2900946639711037
127216,nested,compatible,adam,0.01,exact,1024,0.0249773232046315,0.0025328095268706604,1.0,1.0000000000000002,0.0,0,0,2.837193690577822,1.6653160678570547,0.0,28,14,4,2.290103454957716
127216,nested,compatible,adam,0.01,broadcast,1024,0.7787167426223394,0.7491713382758696,1.0,0.8685252228180544,4.489902019072722,0,21,4.01979776837975,1.7165138973484801,0.0,28,14,4,2.2901118570007384
127216,nested,compatible,adam,0.01,global_projection,1024,0.05419663529529525,0.03212785503057878,1.0,0.30876287796510105,0.6795254831322423,0,42,2.8473093960632494,1.281296396450616,0.0,28,14,4,2.290120412944816
127216,nested,compatible,adam,0.01,subtree_projection,1024,0.028098405466865463,0.005528061806152088,1.0,0.6690428217381912,0.5723459685882759,0,33,3.1308191431210592,1.82413613315456,0.0,28,14,4,2.2901313689071685
127216,nested,compatible,adam,0.01,shuffled_projection,1024,0.028098405466865463,0.005528061806152088,1.0,0.6690428217381912,0.5723459685882759,0,33,3.1308191431210592,1.82413613315456,0.0,28,14,4,2.2901400739792734
127216,nested,compatible,adam,0.03,exact,1024,0.028838169816336724,0.006481099755730855,1.0,1.0,0.0,0,0,2.69322658979595,1.0947617060351262,0.0,28,14,4,2.2901485819602385
127216,nested,compatible,adam,0.03,broadcast,1024,0.8112997517299947,0.7898595250737726,1.0,0.8677444758639252,4.909538955991413,187,685,6.111042372856283,2.0,0.0,28,14,4,2.2901584949577227
127216,nested,compatible,adam,0.03,global_projection,1024,0.5555992283503743,0.5428364458556583,1.0,0.30333622257121323,0.8240510817574153,0,785,5.327004285872866,2.0,0.0,28,14,4,2.290166950901039
127216,nested,compatible,adam,0.03,subtree_projection,1024,0.4672209071110496,0.4309239692271244,1.0,0.9835777938240757,0.15982572983912438,0,930,5.744388691679205,2.0,0.0,28,14,4,2.2901754030026495
127216,nested,compatible,adam,0.03,shuffled_projection,1024,0.4672209071110496,0.4309239692271244,1.0,0.9835777938240757,0.15982572983912438,0,930,5.744388691679205,2.0,0.0,28,14,4,2.2901838469551876
127216,nested,assignment_shuffled,sgd,0.003,exact,1024,1.040043061378851,1.0122211817542894,1.0,1.0000000000000002,0.0,0,0,1.7788271376576028,0.8223251212406026,0.75,28,14,4,2.290193529915996
127216,nested,assignment_shuffled,sgd,0.003,broadcast,1024,1.271113985123051,1.2402627166015283,1.0,-0.06441871537762929,3.920942884254411,0,0,2.1639612404052224,0.8924130788362626,0.75,28,14,4,2.2902022529160604
127216,nested,assignment_shuffled,sgd,0.003,global_projection,1024,1.0470746622097744,1.0184093968495098,1.0,0.7629835801209132,0.48482114154473244,0,0,1.8019234918240559,0.8266088762275162,0.75,28,14,4,2.290210628998466
127216,nested,assignment_shuffled,sgd,0.003,subtree_projection,1024,1.0472200552496844,1.018430199586561,1.0,0.7923325563257657,0.4796867487874233,0,0,1.7927501522834415,0.8267112910988293,0.75,28,14,4,2.290219050948508
127216,nested,assignment_shuffled,sgd,0.003,shuffled_projection,1024,1.0472200552496844,1.018430199586561,1.0,0.7923325563257657,0.4796867487874233,0,0,1.7927501522834415,0.8267112910988293,0.75,28,14,4,2.2902273269137368
127216,nested,assignment_shuffled,sgd,0.01,exact,1024,1.0303630817289773,1.0038831432638458,1.0,1.0000000000000002,0.0,0,0,1.7391790087299848,0.8196162267087943,0.75,28,14,4,2.290235693915747
127216,nested,assignment_shuffled,sgd,0.01,broadcast,1024,1.025258938945718,1.0000087314886332,1.0,0.4045252150331155,5.9951258220469095,0,0,2.5367812708605197,1.268712734876799,0.75,28,14,4,2.290244181989692
127216,nested,assignment_shuffled,sgd,0.01,global_projection,1024,1.0358619028588323,1.0091566451393463,1.0,0.6053462994139923,0.44724371872191293,0,0,1.7695181039394483,0.8270034474251282,0.75,28,14,4,2.290252451901324
127216,nested,assignment_shuffled,sgd,0.01,subtree_projection,1024,1.0357645572980416,1.0089238959043543,1.0,0.6606374913404242,0.43628057464997294,0,0,1.7567623506955317,0.8270651141954407,0.75,28,14,4,2.2902607399737462
127216,nested,assignment_shuffled,sgd,0.01,shuffled_projection,1024,1.0357645572980416,1.0089238959043543,1.0,0.6606374913404242,0.43628057464997294,0,0,1.7567623506955317,0.8270651141954407,0.75,28,14,4,2.2902691169874743
127216,nested,assignment_shuffled,sgd,0.03,exact,1024,1.0272561556709388,1.0023930752181829,1.0,1.0,0.0,0,0,1.719037532408455,0.8180312842782727,0.75,28,14,4,2.2902773609384894
127216,nested,assignment_shuffled,sgd,0.03,broadcast,1024,1.025983283300942,1.0021412779074086,1.0,0.9492995595305124,5.864286879352056,0,0,2.989815139288587,1.3624923391032058,0.75,28,14,4,2.2902877149172127
127216,nested,assignment_shuffled,sgd,0.03,global_projection,1024,1.0284139522457458,1.0033522245722966,1.0,0.42389998725527206,0.39122849966484063,0,0,1.7983203646814456,0.8315574969909934,0.75,28,14,4,2.290296277962625
127216,nested,assignment_shuffled,sgd,0.03,subtree_projection,1024,1.0292544265983485,1.003701892081144,1.0,0.5646650894531643,0.3637603428139547,0,0,1.7512333514522442,0.8309042527251356,0.75,28,14,4,2.2903067829320207
127216,nested,assignment_shuffled,sgd,0.03,shuffled_projection,1024,1.0292544265983485,1.003701892081144,1.0,0.5646650894531643,0.3637603428139547,0,0,1.7512333514522442,0.8309042527251356,0.75,28,14,4,2.290315314894542
127216,nested,assignment_shuffled,adam,0.003,exact,1024,0.7811701809760205,0.7536131529351204,1.0,1.0,0.0,0,0,2.4593288654511816,1.746410209140472,0.75,28,14,4,2.2903237799182534
127216,nested,assignment_shuffled,adam,0.003,broadcast,1024,1.0247390055517824,1.000166644841318,1.0,0.7142792449923078,5.520416656087305,0,371,3.0266242289178176,1.9679658394377002,0.75,28,14,4,2.2903320878976956
127216,nested,assignment_shuffled,adam,0.003,global_projection,1024,0.9231436610115866,0.8981514000604721,1.0,0.852065140273867,0.13305376778587055,0,0,3.8777211218607417,1.943908366725336,0.75,28,14,4,2.2903404659591615
127216,nested,assignment_shuffled,adam,0.003,subtree_projection,1024,0.9529527735636009,0.9292173407147837,1.0,0.9481042370573183,0.060150725126700375,0,101,3.9757772203078714,2.0,0.75,28,14,4,2.2903489149175584
127216,nested,assignment_shuffled,adam,0.003,shuffled_projection,1024,0.9529527735636009,0.9292173407147837,1.0,0.9481042370573183,0.060150725126700375,0,101,3.9757772203078714,2.0,0.75,28,14,4,2.290357199963182
127216,nested,assignment_shuffled,adam,0.01,exact,1024,0.7837548485703663,0.7586649564284851,1.0,1.0,0.0,0,0,2.353886790549729,1.3832537505311744,0.75,28,14,4,2.2903655929258093
127216,nested,assignment_shuffled,adam,0.01,broadcast,1024,1.0818401173957506,1.052518992117125,1.0,0.9939022595846881,5.6680370872306725,2,104,5.1211620414612105,1.9566515919004674,0.75,28,14,4,2.2903742699418217
127216,nested,assignment_shuffled,adam,0.01,global_projection,1024,0.7902169553845472,0.761985970760493,1.0,0.6455491402831794,0.6673874447848297,0,200,3.514398582817657,2.0,0.75,28,14,4,2.290382780949585
127216,nested,assignment_shuffled,adam,0.01,subtree_projection,1024,0.9477382996017101,0.9169834833651167,1.0,0.9162261233224143,0.03699238249125621,0,591,5.219832406219925,2.0,0.75,28,14,4,2.290391595917754
127216,nested,assignment_shuffled,adam,0.01,shuffled_projection,1024,0.9477382996017101,0.9169834833651167,1.0,0.9162261233224143,0.03699238249125621,0,591,5.219832406219925,2.0,0.75,28,14,4,2.2904001279966906
127216,nested,assignment_shuffled,adam,0.03,exact,1024,0.7804254772802695,0.7551063837900887,1.0,1.0000000000000002,0.0,0,0,2.5818236427749173,1.63677776491318,0.75,28,14,4,2.2904085369082168
127216,nested,assignment_shuffled,adam,0.03,broadcast,1024,1.0243304747066966,1.004859764556047,1.0,0.4799478186335185,5.982745206681624,195,615,6.054253598539025,2.0,0.75,28,14,4,2.2904171269619837
127216,nested,assignment_shuffled,adam,0.03,global_projection,1024,0.8522066284386776,0.8299166626218687,1.0,0.94638301516846,0.28587197367273903,0,499,5.750153253055657,2.0,0.75,28,14,4,2.29042714193929
127216,nested,assignment_shuffled,adam,0.03,subtree_projection,1024,1.1323727602721356,1.0901927621732144,1.0,0.9999206941328421,0.006673803562764788,4,299,5.205684921224006,1.9997184080812984,0.75,28,14,4,2.290437620948069
127216,nested,assignment_shuffled,adam,0.03,shuffled_projection,1024,1.1323727602721356,1.0901927621732144,1.0,0.9999206941328421,0.006673803562764788,4,299,5.205684921224006,1.9997184080812984,0.75,28,14,4,2.2904464988969266
